
"0","",""
"552803","TD4027E.TXT.r_1;TD4027E.TXT.r_2;TD4027E.TXT.r_3"," rgya gar skad du / / +ma dhy'an ta bi bha ga t'i ka / / +bod skad du / / "
"552811","TD4027E.TXT.r_4;TD4027E.TXT.r_5;TD4027E.TXT.r_6"," dbus dang mtha' rnam par 'byed pa'i 'grel pa / / +bam po dang po / / +'jam dpal gzhon nur gyur pa la phyag 'tshal lo // / ","0.0#TD4061E.TXT.r#1514135#1514137#TD4061E.TXT.r_4;TD4061E.TXT.r_5;TD4061E.TXT.r_6# rnam par bshad pa'i rigs pa / / +bam PO DANG PO // / +'jam DPAL GZHON NUR GYUR PA LA PHYAG 'TSHAL LO // / ","0.0#TD4064E.TXT.r#416636#416637#TD4064E.TXT.r_4;TD4064E.TXT.r_5;TD4064E.TXT.r_6# sum cu pa'i bshad pa / / +bam PO DANG PO / / +'jam DPAL GZHON NUR GYUR PA LA PHYAG 'TSHAL LO // / ","0.0#TD4067E.TXT.r#1086980#1086981#TD4067E.TXT.r_4;TD4067E.TXT.r_5;TD4067E.TXT.r_6# phung po lnga'i rnam PAR 'GREL PA / / +bam PO DANG PO / / +'jam DPAL GZHON NUR GYUR PA LA PHYAG 'TSHAL LO // / ","0.010#TD4053E.TXT.r#2964790#2964790#TD4053E.TXT.r_5;TD4053E.TXT.r_6# bam PO DANG PO / / +'jam DPAL GZHON NUR GYUR DD  PA LA PHYAG 'TSHAL LO // / ","0.015#TD4063E.TXT.r#2406865#2406865#TD4063E.TXT.r_4;TD4063E.TXT.r_5# theg pa chen po'i chos brgya gsal ba'i sgo'i bstan bcos / / +'jam DPAL GZHON NUR GYUR PA LA PHYAG 'TSHAL LO // / ","0.021#TD4074E.TXT.r#398895#398896#TD4074E.TXT.r_5;TD4074E.TXT.r_6# 'phags pa     // / +'jam DPAL GZHON NUR GYUR PA LA PHYAG 'TSHAL LO // / ","0.021#TD4032E.TXT.r#1919776#1919776#TD4032E.TXT.r_2;TD4032E.TXT.r_3;TD4032E.TXT.r_4# ma dhyan nta bi bham ga t'i k'a / / +bod skad du / / +dbus DANG MTHA' RNAM PAR 'BYED PA'I 'GREL BSHAD / / ","0.022#TD4070E.TXT.r#2802142#2802145#TD4070E.TXT.r_4;TD4070E.TXT.r_5;TD4070E.TXT.r_6# sum cu PA'I 'GREL BSHAD / / +bam PO DANG PO / / +'jam DPAL GZHON NUR GYUR PA LA PHYAG 'TSHAL LO // / ","0.024#TD4051E.TXT.r#1232512#1232514#TD4051E.TXT.r_4;TD4051E.TXT.r_5;TD4051E.TXT.r_6# theg pa chen po bsdus pa'i bshad sbyar / / +bam PO DANG PO / / +'jam DPAL GZHON NUR GYUR PA LA PHYAG 'TSHAL LO // / ","0.025#TD4097E.TXT.r#2206072#2206073#TD4097E.TXT.r_4;TD4097E.TXT.r_6;TD4097E.TXT.r_5# chos mngon pa la 'jug pa rgya cher 'grel pa snying po kun las btus pa zhes bya ba / / +'jam DPAL GZHON NUR GYUR PA LA PHYAG 'TSHAL LO // / ","0.025#TD4071E.TXT.r#399123#399123#TD4071E.TXT.r_5;TD4071E.TXT.r_6# bam PO DANG PO / / +'phags pa 'jam DPAL GZHON NUR GYUR PA LA PHYAG 'TSHAL LO // / ","0.027#TD4069E.TXT.r#622045#622045#TD4069E.TXT.r_4;TD4069E.TXT.r_5;TD4069E.TXT.r_6# rnam par bshad pa rigs pa'i bshad pa / / +bam PO DANG PO / / +'jam DPAL GZHON NUR GYUR PA LA PHYAG 'TSHAL LO // / ","0.027#TD4091E.TXT.r#695073#695073#TD4091E.TXT.r_4;TD4091E.TXT.r_5;TD4091E.TXT.r_6# chos mngon pa mdzod kyi bstan bcos kyi tshig le'ur byas pa'i rnam par bshad pa / / +bam PO DANG PO / / +'jam DPAL GZHON NUR GYUR PA LA PHYAG 'TSHAL LO // / "
"552823","TD4027E.TXT.r_7;TD4027E.TXT.r_8"," bstan bcos 'di ni rab dd  mdzad pa // / +bde gshegs nyid skyes bdag sogs la // / "
"552832","TD4027E.TXT.r_9;TD4027E.TXT.r_10"," 'chad pa la yang mngon mchod nas // / +don rnams dbye phyir 'bad par bya // / "
"552841","TD4027E.TXT.r_11;TD4027E.TXT.r_12"," de la thog ma kho nar bstan bcos kyi lus rnam par gzhag ste / / +mtshan  nyid sgrib pa de kho na // / "
"552850","TD4027E.TXT.r_13;TD4027E.TXT.r_14;TD4027E.TXT.r_15;TD4027E.TXT.r_16"," gnyen po dag ni bsgom pa dang / / +de yi gnas dang 'bras bu thob // / +theg pa bla na med pa'o // / +zhes bya ba don bdun po 'di dag bstan bcos 'di las 'chad do // / ","1.788#TD4032E.TXT.r#1920448#1920449#TD4032E.TXT.r_110# don ni 'dir bstan bcos kyi lus yin te zhes BYA BA DON BDUN PO 'DI DAG BSTAN BCOS 'DI LAS 'CHAD DO zhes 'byung ba'i    phyir ro // / ","0.009#TD4021E.TXT.r#2100412#2100414#TD4021E.TXT.r_7;TD4021E.TXT.r_8;TD4021E.TXT.r_9# mtshan nyid sgrib pa de kho na // / +gnyen PO DAG NI BSGOM PA DANG / / +de  YI GNAS DANG 'BRAS BU 'THOB // / ","0.025#TD4032E.TXT.r#1920636#1920637#TD4032E.TXT.r_142# gzhan du ma yin no zhes BYA BA DON BDUN PO 'DI DAG BSTAN BCOS 'DI LAS 'CHAD DO zhes bya ba la zhes bya ba ni / / "
"552864","TD4027E.TXT.r_17;TD4027E.TXT.r_18;TD4027E.TXT.r_19"," 'di lta ste / / +mtshan nyid  dang ; / +sgrib pa dang  de kho na dang  gnyen po bsgom pa dang  gnyen po bsgom pa de nyid kyi gnas dang  'bras bu thob pa dang  theg pa bla na med pa ste don bdun pa'o // / "
"552878","TD4027E.TXT.r_20;TD4027E.TXT.r_21"," de la mtshan nyid las brtsams nas // / +yang dag ma yin kun rtog yod // / ","5.960#TD4032E.TXT.r#1921165#1921168#TD4032E.TXT.r_241;TD4032E.TXT.r_242;TD4032E.TXT.r_243# DE LA MTSHAN NYID LAS BRTSAMS NAS / / +yang DAG MA YIN KUN RTOG YOD // / "
"552886","TD4027E.TXT.r_22;TD4027E.TXT.r_23;TD4027E.TXT.r_24"," de la gnyis po yod ma yin // / +stong pa nyid ni 'di la yod // / +de la yang ni de yod do // / ","0.0#TD4032E.TXT.r#1921169#1921176#TD4032E.TXT.r_241;TD4032E.TXT.r_242;TD4032E.TXT.r_243;TD4032E.TXT.r_244;TD4032E.TXT.r_245;TD4032E.TXT.r_246# de la mtshan nyid las brtsams nas / / +yang dag ma yin kun rtog yod // / +de LA GNYIS PO YOD MA YIN // / ","0.012#TD4072E.TXT.r#2100011#2100015#TD4072E.TXT.r_1128;TD4072E.TXT.r_1129;TD4072E.TXT.r_1130;TD4072E.TXT.r_1131# gang dbus dang mtha' rnam par 'byed pa las / / +yang dag ma yin kun rtog yod // / +de la gnyis  PO YOD MA YIN // / ","0.012#TD4085E.TXT.r#1512014#1512018#TD4085E.TXT.r_153;TD4085E.TXT.r_155;TD4085E.TXT.r_156;TD4085E.TXT.r_157# de bas na mtha' gnyis dang bral ba'o // / +yang dag ma yin kun rtog yod // / +de LA GNYIS PO YOD MA YIN // / ","0.017#TD4072E.TXT.r#2094230#2094230#TD4072E.TXT.r_67;TD4072E.TXT.r_68;TD4072E.TXT.r_69# 'phags pa byams pas kyang dbus dang mtha' rnam par 'byed pa'i bstan bcos las // / +yang dag ma yin kun rtog yod // / +de LA GNYIS PO YOD MA YIN // / ","0.021#TD4021E.TXT.r#2100421#2100426#TD4021E.TXT.r_10;TD4021E.TXT.r_11;TD4021E.TXT.r_12;TD4021E.TXT.r_13;TD4021E.TXT.r_14# theg pa bla na med pa'o // / +yang dag ma yin kun rtog yod // / +de LA GNYIS PO YOD MA YIN // / ","0.022#TD4018E.TXT.r#3057957#3057960#TD4018E.TXT.r_6976;TD4018E.TXT.r_6977;TD4018E.TXT.r_6978;TD4018E.TXT.r_6979# yang dag ma yin kun rtog yod // / +des NA GNYIS PO YOD MA YIN // / +stong pa nyid kyang de na yod // / "
"552894","TD4027E.TXT.r_25;TD4027E.TXT.r_26;TD4027E.TXT.r_27"," zhes bya ba gsungs so // / +de la yang dag pa ma yin pa'i kun tu rtog pa'i ni gzung ba dang     // / +'dzin par rnam par rtog pa'o // / ","0.023#TD4034.2E.TXT.r#2925191#2925191#TD4034.2E.TXT.r_7945;TD4034.2E.TXT.r_7946# de la dngos po rnams rdzas su yod par sgrub pa'i tshad ma ni gnyis te / / +mngon sum gyi tshad ma dang  rjes su dpag pa'i tshad ma'o // / "
"552903","TD4027E.TXT.r_28;TD4027E.TXT.r_29"," gnyis po ni gzung ba dang 'dzin pa'i dngos po dang bral ba'o // / +stong pa nyid ni yang dag pa ma yin pa'i kun tu rtog pa de gzung ba dang 'dzin pa'i dngos po dang bral ba nyid do // / ","0.023#TD4034.2E.TXT.r#2925191#2925191#TD4034.2E.TXT.r_7945;TD4034.2E.TXT.r_7946# de la dngos po rnams rdzas su yod par sgrub pa'i tshad ma ni gnyis te / / +mngon sum gyi tshad ma dang  rjes su dpag pa'i tshad ma'o // / "
"552914","TD4027E.TXT.r_30;TD4027E.TXT.r_31;TD4027E.TXT.r_32"," de la yang ni de yod do // / +zhes  bya ba ni yang dag pa ma yin pa kun tu rtog pa'o // / +de ltar gang na gang med pa de ni des stong par yang dag pa ji lta ba bzhin du yang dag par rjes su mthong ngo // / ","0.027#TD4044E.TXT.r#387626#387627#TD4044E.TXT.r_1145# gang gi phyir GANG LA GANG MED PA DE NI DES STONG PAR YANG DAG PA JI LTA BA BZHIN DU MTHONG ba zhes bya ba ni / / "
"552932","TD4027E.TXT.r_33"," 'di la lhag ma yod pa gang yin pa de ni 'dir yod par yang dag pa ji lta ba bzhin du rab  tu shes te / / ","0.010#TD4049E.TXT.r#2297223#2297227#TD4049E.TXT.r_1746;TD4049E.TXT.r_1747# gang LA GANG MED PA DE NI des stong PAR YANG DAG PAR RJES su mthong ba ste / / +'di la lhag MA GANG YIN PA DE NI 'DIR YOD PA'O ZHES YANG DAG PA JI LTA BA BZHIN DU RAB TU SHES SO // / ","0.024#TD4032E.TXT.r#1921913#1921914#TD4032E.TXT.r_380;TD4032E.TXT.r_381# de'i phyir yang dag pa ma yin pa kun rtog pa la gnyis kyis stong par mthong ngo // / +'di la lhag ma  GANG YIN PA DE NI YOD pa de 'di la lhag ma gang yin zhe na // / ","0.027#TD4016.2E.TXT.r#2322341#2322341#TD4016.2E.TXT.r_1352# 'di la yang lhag MA GANG YIN PA DE NI 'DI ltar yod pa'o ZHES YANG DAG PA JI LTA BA BZHIN DU RAB TU SHES SO // / "
"552942","TD4027E.TXT.r_34;TD4027E.TXT.r_35"," de ltar stong pa nyid kyi mtshan nyid phyin ci ma log par bstan pa yin no // / +stong pa ma yin mi stong min // / "
"552950","TD4027E.TXT.r_36;TD4027E.TXT.r_37;TD4027E.TXT.r_38;TD4027E.TXT.r_39"," de lta bas na thams cad bshad // / +yod pas med pas yod pas na // / +de ni dbu ma'i lam yin no // / +stong pa ma yin zhes bya ba ni stong  pa nyid dang yang dag pa ma yin pa kun tu rtogs pas so // / ","0.0#TD4085E.TXT.r#1512026#1512028#TD4085E.TXT.r_159;TD4085E.TXT.r_160;TD4085E.TXT.r_161# stong pa ma yin mi stong min // / +de LTA BAS NA THAMS CAD BSHAD // / "
"552964","TD4027E.TXT.r_40;TD4027E.TXT.r_41;TD4027E.TXT.r_42;TD4027E.TXT.r_43"," mi stong min zhes bya ba ni // / +gnyis pa ste / / +gzung ba dang 'dzin pas so // / +thams cad ces bya ba ni yang dag pa ma yin pa kun tu rtog pa zhes bya ba 'dus byas dang stong pa zhes bya ba 'dus  ma byas so // / "
"552981","TD4027E.TXT.r_44;TD4027E.TXT.r_45"," bshad ces bya ba ni bstan pa'o // / +yod pas zhes bya ba ni yang dag pa ma yin pa kun tu rtog pa'o // / ","0.027#TD4051E.TXT.r#1242897#1242897#TD4051E.TXT.r_1454;TD4051E.TXT.r_1455# rnam par rig pa tsam NYID CES BYA BA NI  log par yongs su rtog pa'o // / +yang DAG PA MA YIN PA'I KUN TU RTOG PAS bsdus PA ZHES BYA BA NI GZUNG ba dang 'dzin pa'i dngos por rnam par 'jog pa'o // / ","0.027#TD4093.2E.TXT.r#2063182#2063182#TD4093.2E.TXT.r_12323# yang dag pa ji lta ba bzhin zhugs pa'i phyir rigs PA'O ZHES BYA BA NI YANG DAG PA JI lta ba bzhin ZHUGS PA MA YIN PA NI rigs pa ma yin pa'i phyir ro // / "
"552989","TD4027E.TXT.r_46;TD4027E.TXT.r_47"," med pas zhes bya ba ni gnyis pa'o // / +yod pas na zhes bya ba ni yang dag pa ma yin kun tu rtog pa la stong pa nyid yod pa dang     de la yang yang dag pa ma yin pa kun tu rtog pa yod pa'o // / ","0.029#TD4093.2E.TXT.r#2063182#2063182#TD4093.2E.TXT.r_12323# yang dag pa ji lta ba bzhin zhugs pa'i phyir rigs PA'O ZHES BYA BA NI YANG DAG PA JI lta ba bzhin ZHUGS PA MA YIN PA NI rigs pa ma yin pa'i phyir ro // / "
"553003","TD4027E.TXT.r_48;TD4027E.TXT.r_49"," de ni dbu ma'i lam yin no zhes bya ba ni thams cad gcig tu stong pa yang ma yin no // / +gcig tu mi stong pa yang ma yin pa gang yin pa'o // / "
"553012","TD4027E.TXT.r_50"," de ltar 'di ni shes rab kyi pha rol tu phyin pa la sogs pa'i nang nas 'di thams cad ni stong pa yang  ma yin / / "
"553022","TD4027E.TXT.r_51;TD4027E.TXT.r_52"," mi stong pa yang ma yin zhes 'byung ba dang mthun par byas pa yin no // / +de ltar yang dag pa ma yin pa kun tu rtog pa yod pa'i mtshan nyid dang med pa'i mtshan nyid brjod nas / / ","0.020#TD4027E.TXT.r#553189#553192#TD4027E.TXT.r_83;TD4027E.TXT.r_84# gzung ba dang 'dzin pa med pa nyid ni yongs su grub pa'i ngo bo nyid do // / +da NI YANG DAG PA MA YIN PA KUN TU RTOG PA DE NYID KYI MED PA'I MTSHAN NYID la 'jug pa'i thabs kyi mtshan nyid yongs su ston te / / ","0.024#TD4018E.TXT.r#3057747#3057747#TD4018E.TXT.r_6950# bcom ldan 'das phyi rol gyi don zhes bya ba la sogs pa ni phyi rol gyi don rtog pa'i rdul phra mo'i rdzas la sogs  pa sna tshogs kyi mtshan NYID YANG DAG PA MA YIN PA YONGS su rtog pa gang la rnam PAR RTOG PA'I MTSHAN NYID yod pa de de lta bu'o // / ","0.026#TD4034.1E.TXT.r#956378#956378#TD4034.1E.TXT.r_8507# yid dang 'dzin pa dang rtog par snang ba ni 'dzin pa'i mtshan nyid de de ltar gzung ba dang 'dzin PAR YANG DAG PA MA YIN PA KUN DU  rtog pa ni kun gzhi rnam par shes pa la 'khor ba dang bcas pa la gzhan gyi dbang gi mtshan nyid ces bya'o // / "
"553036","TD4027E.TXT.r_53;TD4027E.TXT.r_54"," da ni rang gi mtshan nyid brjod do // / +don dang sems can bdag rnam rig / / ","0.0#TD4032E.TXT.r#1927411#1927413#TD4032E.TXT.r_1203;TD4032E.TXT.r_1204;TD4032E.TXT.r_1205# don DANG SEMS CAN BDAG RNAM RIG / / +snang ba'i rnam par shes pa ni / / ","5.960#TD4021E.TXT.r#2100444#2100444#TD4021E.TXT.r_19;TD4021E.TXT.r_20# don DANG SEMS CAN BDAG RNAM RIG / / +snang ba'i rnam par shes pa ni // / ","0.019#TD4032E.TXT.r#1922413#1922414#TD4032E.TXT.r_453;TD4032E.TXT.r_454# yang dag pa ma yin pa kun rtog PA'I RANG GI MTSHAN NYID BSHAD DE / / +don DANG SEMS CAN BDAG RNAM RIG / / "
"553044","TD4027E.TXT.r_55;TD4027E.TXT.r_56;TD4027E.TXT.r_57"," snang ba'i rnam par shes pa ni // / +rab tu skye'o de'i  don med // / +de med pas na de yang med // / ","0.0#TD4021E.TXT.r#2100445#2100458#TD4021E.TXT.r_19;TD4021E.TXT.r_20;TD4021E.TXT.r_21;TD4021E.TXT.r_22;TD4021E.TXT.r_23;TD4021E.TXT.r_24;TD4021E.TXT.r_25# don dang sems can bdag rnam rig / / +snang BA'I RNAM PAR SHES PA NI // / ","5.960#TD4032E.TXT.r#1922367#1922368#TD4032E.TXT.r_448;TD4032E.TXT.r_449# rab TU SKYE'O DE'I DON MED // / +de MED PAS NA DE YANG MED // / "
"553054","TD4027E.TXT.r_58"," de la don du snang ba ni gzugs la sogs pa'i dngos por snang ba gang yin pa'o // / ","0.0#TD4016.1E.TXT.r#524208#524213#TD4016.1E.TXT.r_9736;TD4016.1E.TXT.r_9737;TD4016.1E.TXT.r_9738# 'di nyid kyi 'grel pa las de la don  lta bur snang ba 'di lta ste / / +gzugs la sogs pa'i yul GYI DNGOS POR SNANG BA GANG YIN PA'O // / ","0.021#TD4019E.TXT.r#2422906#2422906#TD4019E.TXT.r_2041;TD4019E.TXT.r_2042# skyon med DE GZUGS LA SOGS PAR snang ba ni / / +gsal bar snang ba nyid kyis myong ba'i rang bzhin spangs PAR SNANG BA MA YIN te / / ","0.021#TD4034.1E.TXT.r#956281#956281#TD4034.1E.TXT.r_8491;TD4034.1E.TXT.r_8492;TD4034.1E.TXT.r_8493# gnas su snang  ba ni kun gzhi rnam par shes pa snod lta bur snang ba ste / / +sa gzhi chen por snang ba'o // / +don DU SNANG BA NI GZUGS NAS chos kyi bar du yul drug du snang ba'o / / ","0.026#TD4019E.TXT.r#2445752#2445752#TD4019E.TXT.r_5082# de'i phyir de ltar snang ba ni rtog pa'i sems dang mi mthun PAR SNANG BA MA YIN pas / / "
"553062","TD4027E.TXT.r_59"," sems can du snang ba ni dbang po lngar bdag dang gzhan gyi rgyud la snang ba gang yin pa'o // / "
"553070","TD4027E.TXT.r_60"," bdag tu snang ba ni bdag tu rmongs pa la sogs pa dang mtshungs par ldan pa'i phyir  nyon mongs pa can gyi yid do // / ","0.0#TD4032E.TXT.r#1922705#1922710#TD4032E.TXT.r_495;TD4032E.TXT.r_496# BDAG TU SNANG BA ZHES bya ba dang  BDAG TU SNANG BA NI BDAG TU RMONGS PA LA SOGS PA DANG MTSHUNGS PAR LDAN PA'I PHYIR / / "
"553080","TD4027E.TXT.r_61;TD4027E.TXT.r_62"," rnam par rig par snang ba ni rnam par shes pa drug rnams so // / +de'i don med ces bya ba ni don dang sems can du snang ba rnams med pa dang  bdag dang rnam par rig par snang ba ni log par snang ba'i phyir ro // / ","0.011#TD4032E.TXT.r#1943671#1943672#TD4032E.TXT.r_3739# kun GZHI RNAM PAR SHES PA THUN mong gi don du snang ba gang yin pa dang  SEMS CAN DU SNANG BA GANG yin pa de yang gzung ba dang 'dzin par snang ba 'jug PA'I RNAM PAR SHES PA SKYE ba'i bdag po'i rkyen yin pa'i phyir phyi'i skye mched ces bya'i / / ","0.015#TD4039E.TXT.r#1823345#1823346#TD4039E.TXT.r_1048# sbyangs pa'i yon tan bstan pa dang  kha cig  bsod snyoms la gzung pa'i phyir dang  kha cig don mthun pas bsdu ba'i phyir dang  ma 'ongs pa'i skye ba'i snang ba byas par 'gyur ba dang  de dag kyang tha na 'dod pa tsam yang skyed par 'gyur ba dang  mu stegs can ngan ngon tsam la mos pa rnams bsdu ba'i phyir dang   gtam thos pa tsam gyis zhe 'gras pa rnams spyod lam zhi ba dang gzugs mdzes pa legs par mthong bas sems gyo bar bya ba'i phyir dang  skye bo tha mal par gnas pa / / ","0.017#TD4051E.TXT.r#1245497#1245497#TD4051E.TXT.r_1809# rten dang bcas  pa'i MIG GI RNAM PAR SHES PA LA sogs pa'i rnam par rig pa'o zhes bya ba ni mtshan MAR SNANG BA'I PHYIR RO // / ","0.018#TD4038.1E.TXT.r#2749354#2749354#TD4038.1E.TXT.r_6802# rna ba la sogs pa lhag ma rnams kyang de dang 'dra ba dang  reg pa 'gags pas kyang tshor ba skyes pa'i gnas kyi bya ba byed par mi nus pa dang  de dang 'byung ba'i yid la byed pa  'gags pas kyang de dang 'byung BA'I RNAM PAR SHES PA skyes pa'i gnas kyi bya ba byed par mi nus pa'i phyir ro // / ","0.018#TD4032E.TXT.r#1922765#1922769#TD4032E.TXT.r_499# DON DANG SEMS CAN DU SNANG BA RNAM PA med pa dang  BDAG DANG RNAM PAR RIG PAR SNANG BA NI LOG PAR SNANG BA'I PHYIR RO ZHES BYA BA NI DON DANG SEMS CAN DU SNANG BA GNYIS gzung ba'i ngo bor snang bas / / ","0.019#TD4027E.TXT.r#557206#557206#TD4027E.TXT.r_854;TD4027E.TXT.r_855# rang sangs rgyas kyi theg pa'o // / +bdag gis rnam par mi rtog pa'i ye shes kyis nges par 'byung ba'i phyir theg pa chen por rig par bya'o // / ","0.020#TD4028E.TXT.r#1965168#1965170#TD4028E.TXT.r_337;TD4028E.TXT.r_338;TD4028E.TXT.r_339# mngon par brjod pas bstan par mi nus pa'i phyir bstan du med pa'o // / +mig gi dbang po la sogs par mi gnas pas na mi gnas pa'o // / +yul ma yin pa'i phyir snang ba med pa ste / / ","0.020#TD4048E.TXT.r#1686167#1686168#TD4048E.TXT.r_346;TD4048E.TXT.r_347# bag chags de gnas dang bcas par 'das pas med pa'i phyir ro // / +nyon mongs pa'i gnyen PO'I RNAM PAR SHES PA BYUNG na de ma yin pa gzhan 'jig rten PA'I RNAM PAR SHES PA thams cad ni 'gags na / / ","0.021#TD4032E.TXT.r#1922784#1922784#TD4032E.TXT.r_499;TD4032E.TXT.r_500;TD4032E.TXT.r_501# DON DANG SEMS CAN DU SNANG BA RNAM PA med pa dang  BDAG DANG RNAM PAR RIG PAR SNANG BA NI LOG PAR SNANG BA'I PHYIR RO ZHES BYA BA NI DON DANG SEMS CAN DU SNANG BA GNYIS gzung ba'i ngo bor snang bas / / +log par snang ba mi srid pa'i phyir / / +rnam pa med pa nyid ni don med pa'i rgyu'o // / ","0.021#TD4091E.TXT.r#731417#731418#TD4091E.TXT.r_6682;TD4091E.TXT.r_6683# bdag gam bdag gi la ni ma yin no zhes rtogs  PAR BYA BA'I PHYIR RO // / +bdag tu mngon par dga' ba'i dngos po de nyid las rtag par lta ba'am chad par lta ba'am mthar 'dzin par lta ba ste / / ","0.021#TD4090.2E.TXT.r#1068354#1068356#TD4090.2E.TXT.r_2584;TD4090.2E.TXT.r_2585;TD4090.2E.TXT.r_2586# ji  ltar 'dod pa brjod par bya ste skye ba dang 'jig pa'i chos can yin pa'i phyir mi rtag pa'o // / +mi mthun par gyur pa'i phyir sdug bsngal ba'o // / ","0.021#TD4018E.TXT.r#3086924#3086924#TD4018E.TXT.r_10781# rab tu dag pa'i sa la gang  zag dang chos la bdag med pa khong du chud pa nas bdag dang bdag gir mngon par chags pa'i dngos po med pa'i phyir sems can thams cad la phan pa'i phyir bzung ba yongs su spangs te / / ","0.022#TD4018E.TXT.r#3064452#3064452#TD4018E.TXT.r_7845# bsam  pa med cing snang ba med pa don dam pa'i bden pa mi gnyis par yang dag par rig pa ni mtshan ma thams cad las 'das pas na der yod pa dang  med pa dang  rtag pa dang  mi rtag pa dang  bde ba dang  sdug bsngal ba dang  bdag dang  bdag med pa dang  mdzes pa dang  mi    mdzes pa la sogs par tha dad par snang ba'i rnam par rtog pa'i mtshan ma med pa'i phyir ro // / ","0.022#TD4054E.TXT.r#1040238#1040238#TD4054E.TXT.r_7862# gang zag dang chos la bdag med pa'i dbang du bya ba'i chos la sbyor ba'i 'phen pas 'jig rten las 'das pa'i ye shes kyis de gnyi gar rab tu rtogs pa'i phyir ro // / ","0.023#TD4019E.TXT.r#2508626#2508626#TD4019E.TXT.r_13386# kun gzhi dang nyon mongs pa can ni rgyu cha phra bas byis pa'i skye bo'i yul ma yin pa'i phyir / / ","0.023#TD4047E.TXT.r#1165696#1165696#TD4047E.TXT.r_6538;TD4047E.TXT.r_6539# sems dga' bar bya ba'i phyir zhes bya ba ni ji ltar 'dod par ro // / +bdag gi dbang du 'gyur bar bya ba'i phyir sdud pa dang  theg pa gsum la sgrub pa'i snod du rung ba'i phyir yongs su smin pa'o // / ","0.023#TD4010E.TXT.r#2274602#2274602#TD4010E.TXT.r_5625# gzhan gyi sems shes pa dang  gcad pa dang  dbug pa'i rang bzhin nges par rtogs pa'i phyir sems can ma lus pa'i  don yang dag par rdzogs par byed pa'o zhes bya ba'o // / ","0.023#TD4034.1E.TXT.r#894383#894383#TD4034.1E.TXT.r_715;TD4034.1E.TXT.r_716# stong pa zhes bya ba'i tshig kyang tshig gzhan la don gzhan 'byung bas brtag dka' ba'i phyir dka' ba'o // / +don rnams kyang rtogs par dka' bas na zab pa'o // / ","0.023#TD4035E.TXT.r#135716#135716#TD4035E.TXT.r_1897;TD4035E.TXT.r_1898# rnam pa bcu'i phyir te / / +rjes su 'brel ba'i skye bo'i don dang  dmigs pa myong ba'i don dang  dmigs pa'i mtshan mar 'dzin pa'i don dang  dmigs pa mngon par 'du byed  pa'i don dang  chos de dag nyid dus tha dad pa'i don dang  sgrib pa med pa'i don dang  mi rtag pa dang bral ba'i don dang  mi rtag pa dang ma bral ba'i don dang  rtag pa phyin ci ma log pa'i don dang  bde ba dang sdug bsngal dang bral ba'i don dang  tshor ba dang bral ba ma    yin pa'i don dang  tshor ba dang bral ba'i don dang  nang dang phyi'i skye mched rnams kyi rab tu dbye ba de dag ni / / ","0.023#TD4039E.TXT.r#1867272#1867272#TD4039E.TXT.r_6037;TD4039E.TXT.r_6038# tshe 'di la mya ngan las 'da' bar lta bar lhung nas de'i rgyu de dang de'i rkyen des khams gsum gyi skye ba'i mun par ltung bar 'gyur te / / +ma rig pa'i mun pas bsgribs pa'i phyir bdag  nyid kyi lta ba bzung ba la log pa yin par yang dag pa ji lta ba bzhin du mi mthong ngo // / ","0.023#TD4016.1E.TXT.r#520837#520839#TD4016.1E.TXT.r_9262;TD4016.1E.TXT.r_9263# bdag gi mtshan nyid dang mi mthun pa'i phyir bdag ma yin pa'o // / +gzhan  yang de nyid las bdag gir lta ba'i gnyen po'i phyir stong pa'i rnam pa bsgom mo // / ","0.023#TD4034.1E.TXT.r#938822#938822#TD4034.1E.TXT.r_6303;TD4034.1E.TXT.r_6304# de ltar mnyam pa nyid kyi  ye shes byams pa dang snying rjer ldan pa'i phyir / / +de bzhin gshegs pa'i skye ba 'byung bar bstan pa'i mdo las kyang / / ","0.024#TD4016.2E.TXT.r#2350814#2350814#TD4016.2E.TXT.r_4626# bzhi po 'di dag ni gzugs can gyi chos thams cad las yang dag par 'das pa'i phyir dang  gzugs can gyi chos    thams cad rab tu nyams par byas pa'i phyir dang  gzugs kyi chos 'dir skye ba'i skabs med pa'i phyir gzugs med pa zhes bya'o zhes 'byung ngo // / ","0.024#TD4090.2E.TXT.r#1069484#1069484#TD4090.2E.TXT.r_2793;TD4090.2E.TXT.r_2794# lam ni rigs mang ba'i phyir / / +mthong bas spang ba'i gnyen por thams cad bsgom par mi nus pas khyad par cher yod do // / ","0.024#TD4036E.TXT.r#45878#45878#TD4036E.TXT.r_6997;TD4036E.TXT.r_6998# srin gyi med kyis zin par 'gyur ba'am / / +bdag la mi dang mi ma yin pa'i 'jigs pa dag 'byung bar 'gyur ba'i phyir ro zhes gnas de dag rtag tu yid la byed cing / / ","0.024#TD4026E.TXT.r#281964#281964#TD4026E.TXT.r_1194# bdag nyid ye shes kyi mchog la dbang thob pas 'gro ba nyon mongs pas rang dbang med pa rang dbang yod pa la 'gong pa'i phyir dbang gi che    ba'i bdag nyid dang  rtag tu gzhan la phan par bya ba la gcig tu mngon par dga' ba'i phyir mngon par dga' ba'i che ba'i bdag nyid dang  srid pas mi 'jigs pa'i che ba'i bdag nyid do // / ","0.024#TD4038.1E.TXT.r#2788576#2788576#TD4038.1E.TXT.r_12125;TD4038.1E.TXT.r_12126# des thos pa las byung ba'i shes pas brtson par byed pa nas / / +thos pa las byung ba'i shes pa rnam par dag par bya ba'i phyir / / ","0.025#TD4032E.TXT.r#1943735#1943735#TD4032E.TXT.r_3747# 'di ltar gzugs la sogs pa'i snang ba'i  RNAM PAR SHES PA NI 'dra BA'I RNAM PAR SHES PA SKYE bar bya ba'i phyir rkyen GYIS RNAM PAR SHES PA LA bag chags 'jog go // / ","0.025#TD4052E.TXT.r#2856640#2856640#TD4052E.TXT.r_1867;TD4052E.TXT.r_1868# rten pa la sogs pa tha dad pa nyid kyis sems can gcig gi rgyud du gtogs pa nyid bsgrub par dka' ba'i  phyir ro // / +'jug PA'I RNAM PAR SHES PA DANG  kun gzhi'i RNAM PAR SHES PA DAG ni mdung khyim bzhin gcig la gcig rten pa'i phyir 'brel pa yin no // / ","0.026#TD4051E.TXT.r#1245518#1245518#TD4051E.TXT.r_1812# rga ba la sogs pa  zhes bya ba ni rga ba la sogs pas gzugs LA SOGS PAR SNANG BA'I RNAM PAR RIG PA RNAMS 'gyur bar byed pa'i phyir te / / ","0.026#TD4052E.TXT.r#2856161#2856162#TD4052E.TXT.r_1816# 'o na ni kun gzhi'i RNAM PAR SHES PA YANG phung po med pa'i mya ngan las 'das par 'chad pa'i phyir bsgo bar bya ba ma yin par 'gyur ro zhe na / / ","0.026#TD4019E.TXT.r#2473105#2473105#TD4019E.TXT.r_8630;TD4019E.TXT.r_8631# de la kun GZHI RNAM PAR SHES PA NI lus dang longs spyod la sogs par snang yul dang 'brel zhing / / +de las gzhan PA'I RNAM PAR SHES PA rnams  kyang rtog pas brtags pa'i don la 'dzin pa'o // / ","0.027#TD4071E.TXT.r#409936#409938#TD4071E.TXT.r_1725;TD4071E.TXT.r_1726# bstan pa ni zhes bya bar sbyar te / / +kun gzhi'i RNAM PAR SHES PA NI 'jug pa'i rnam par shes pa'i rgyur gyur pa'i phyir / / ","0.027#TD4066E.TXT.r#2106414#2106414#TD4066E.TXT.r_609# rkyen rnams 'dus shing tshogs nas byas pa'i phyir gzugs la sogs pa'i phung por bsdus pa'i chos thams cad ni 'du byed rnams zhes bya'o // / ","0.027#TD4032E.TXT.r#1925459#1925459#TD4032E.TXT.r_928;TD4032E.TXT.r_929# 'jug PA'I RNAM PAR SHES PA NI kun gzhi rnam par shes pa'i bdag po'i rkyen te / / +rgyu'i rkyen ma yin pas 'jug PA'I RNAM PAR SHES PA'i rkyen du     // / ","0.028#TD4028E.TXT.r#1965184#1965184#TD4028E.TXT.r_341;TD4028E.TXT.r_342# rnam par rig pa ma yin PAS RNAM PAR RIG PA med pa'o // / +gnas kyi dngos po ma yin pas gnas med pa'o // / ","0.028#TD4079E.TXT.r#758586#758586#TD4079E.TXT.r_316# don du snang ba dang  sems can  du snang ba dang  bdag tu snang ba dang  RNAM PAR RIG PAR SNANG BA'I RNAM PAR SHES PA STE bzhi pa'o // / ","0.029#TD4052E.TXT.r#2849792#2849792#TD4052E.TXT.r_1020# gnyis pa ni dus thams cad du kun du 'byung ba'i phyir 'chad par 'gyur ba'i sgrub pas rab tu grub pa yin no // / ","0.029#TD4018E.TXT.r#3048758#3048758#TD4018E.TXT.r_5790# mo gsham  gyi bu la sogs pa rnams kyi snang ba med pa'i phyir de dag gi rang bzhin med pa lta bur sgyu ma lta bu'i dngos po rnams mi skye ba ma yin no // / "
"553098","TD4027E.TXT.r_63;TD4027E.TXT.r_64;TD4027E.TXT.r_65"," don med pas 'dzin pa'i rnam par shes pa de yang  med do // / +yang dag ma yin kun rtog pa // / +de ni de phyir grub pa yin // / ","1.192#TD4032E.TXT.r#1943671#1943672#TD4032E.TXT.r_3739# kun GZHI RNAM PAR SHES PA THUN mong gi don du snang ba gang yin pa dang  sems can du snang ba gang yin pa de yang gzung ba dang 'dzin par snang ba 'jug PA'I RNAM PAR SHES PA SKYE ba'i bdag po'i rkyen yin pa'i phyir phyi'i skye mched ces bya'i / / ","0.029#TD4051E.TXT.r#1245497#1245497#TD4051E.TXT.r_1809# rten dang bcas  pa'i mig GI RNAM PAR SHES PA LA sogs pa'i rnam par rig pa'o zhes bya ba ni mtshan mar snang ba'i phyir ro // / ","0.029#TD4028E.TXT.r#1965170#1965170#TD4028E.TXT.r_338;TD4028E.TXT.r_339# mig gi dbang po la sogs par mi gnas pas na mi gnas pa'o // / +yul ma yin pa'i phyir snang ba med pa ste / / ","0.029#TD4093.1E.TXT.r#871365#871366#TD4093.1E.TXT.r_16945;TD4093.1E.TXT.r_16946;TD4093.1E.TXT.r_16947# dper na dgra bcom pa rnams la phung po lnga yod kyang bsod nams dang bsod nams ma yin pa dang mi gyo bar 'gro ba'i  RNAM PAR SHES PA YOD pa ma yin pa bzhin te / / +nying mtshams sbyor BA'I RNAM PAR SHES PA MED ces bya ba'i don to // / "
"553107","TD4027E.TXT.r_66;TD4027E.TXT.r_67"," de bzhin ma yin ye med min // / +'di ltar ji ltar snang ba 'byung ba de ni de bzhin du yod pa ma yin no // / ","0.023#TD4032E.TXT.r#1956196#1956197#TD4032E.TXT.r_5657;TD4032E.TXT.r_5658# sogs pa zhes bya ba'i sgras ni smig rgyu dang rmi lam dang  chu zla la sogs pa chu dang skyes pa dang bud med kyi bdag nyid DU JI LTAR SNANG BA DE BZHIN DU YOD PA MA YIN LA / / +de la 'khrul pa tsam du yod pa'i phyir med PA'ANG MA YIN NO // / "
"553116","TD4027E.TXT.r_68;TD4027E.TXT.r_69"," 'khrul pa tsam du 'byung ba'i phyir ye med pa yang ma yin no // / +ci'i phyir de ye med pa nyid du mi 'dod ce na / / ","0.029#TD4027E.TXT.r#559567#559567#TD4027E.TXT.r_1320;TD4027E.TXT.r_1321# dper na sgyu ma'i glang po che la sogs pa'i dngos por YOD PA YANG MA YIN LA / / +de'i 'khrul pa tsam du yod pa'i PHYIR MED PA YANG MA YIN  no ;; / "
"553125","TD4027E.TXT.r_70;TD4027E.TXT.r_71;TD4027E.TXT.r_72"," 'di ltar / / +de zad  nas ni grol bar 'dod // / +gzhan du na bcings pa dang thar par mi 'grub ste / / ","0.024#TD4032E.TXT.r#1923239#1923240#TD4032E.TXT.r_569;TD4032E.TXT.r_570;TD4032E.TXT.r_571# sus kyang de yod pa nyid du brtag par mi nus so zhes bsams pa'o zhe na 'di ltar / / +de ZAD NAS NI GROL BAR 'DOD // / "
"553135","TD4027E.TXT.r_73;TD4027E.TXT.r_74"," kun nas nyon mongs pa dang  rnam par byang ba la skur pa 'debs pa'i nyes par 'gyur ro // / +de ltar yang dag pa ma yin pa kun tu rtog pa'i rang gi mtshan nyid bstan nas yang dag pa ma yin pa kun tu rtog pa tsam du  zad na ngo bo nyid gsum du ji ltar bsdu bar 'gyur ba'i bsdu ba'i mtshan nyid ston te / / "
"553160","TD4027E.TXT.r_75;TD4027E.TXT.r_76;TD4027E.TXT.r_77"," brtags pa dang ni gzhan dbang dang / / +yongs su grub pa nyid kyang ngo // / +don phyir yang dag min rtog phyir // / ","0.0#TD4021E.TXT.r#2100469#2100472#TD4021E.TXT.r_26;TD4021E.TXT.r_27;TD4021E.TXT.r_28;TD4021E.TXT.r_29# de zad nam ni grol bar 'dod // / +brtags PA DAG NI GZHAN DBANG DANG / / +yongs SU GRUB PA NYID KYANG NGO // / ","0.0#TD4032E.TXT.r#1923417#1923424#TD4032E.TXT.r_600;TD4032E.TXT.r_601;TD4032E.TXT.r_602;TD4032E.TXT.r_603# BRTAG PA DANG NI GZHAN DBANG DANG / / +yongs SU GRUB PA NYID KYANG NGO // / +don PHYIR YANG DAG MIN RTOG PHYIR // / ","0.025#TD4032E.TXT.r#1938752#1938753#TD4032E.TXT.r_2987;TD4032E.TXT.r_2988# don PHYIR YANG DAG MIN RTOGS PHYIR // / +gnyis po med pa'i phyir bshad do // / "
"553170","TD4027E.TXT.r_78;TD4027E.TXT.r_79;TD4027E.TXT.r_80"," gnyis po med pa'i phyir bshad do // / +zhes bya ba'o // / +de la don ni kun tu brtags pa'i ngo bo nyid     // / ","0.029#TD4079E.TXT.r#758471#758471#TD4079E.TXT.r_289;TD4079E.TXT.r_290# don phyir yang dag mi rtog phyir // / +gnyis PO MED PA'I PHYIR BSHAD DO // / "
"553180","TD4027E.TXT.r_82;TD4027E.TXT.r_83"," yang dag pa ma yin pa kun tu rtog pa ni gzhan gyi dbang gi ngo bo nyid do // / +gzung ba dang 'dzin pa med pa nyid ni yongs su grub pa'i ngo bo nyid do // / ","0.021#TD4053E.TXT.r#2991920#2991920#TD4053E.TXT.r_3666;TD4053E.TXT.r_3667# de la 'di NI GZHAN GYI DBANG GI NGO BO NYID DE / / +gang YANG DAG PA MA YIN PA KUN TU RTOG PA TSAM de nyid do // / ","0.024#TD4026E.TXT.r#289132#289133#TD4026E.TXT.r_2429# 'khrul ba'i rgyu mtshan shing dang bong ba la sogs pa sgyu ma'i sngags kyis btab pa ji lta ba de bzhin du YANG DAG PA MA YIN PA'I KUN TU RTOG PA  GZHAN GYI DBANG GI NGO BO NYID KYI rnam par rig par bya'o // / ","0.024#TD4029E.TXT.r#2136026#2136027#TD4029E.TXT.r_2018# de la 'khrul ba'i rgyu mtshan shing dang bong ba la sogs pa sgyu ma'i sngags kyis btab pa ji lta ba de bzhin du YANG DAG PA MA YIN PA'I KUN TU RTOG PA GZHAN GYI DBANG GI NGO BO NYID  rig par bya'o zhes bya ba ni sems dang sems las byung ba rten cing 'brel bar 'byung ba rnams la rig par bya ba ste / / "
"553191","TD4027E.TXT.r_84"," da ni yang dag pa ma yin pa kun tu rtog pa de nyid kyi med pa'i mtshan nyid la 'jug pa'i thabs kyi mtshan nyid yongs su ston te / / ","0.020#TD4027E.TXT.r#553026#553027#TD4027E.TXT.r_52# de LTAR YANG DAG PA MA YIN PA KUN TU RTOG PA YOD pa'i mtshan NYID DANG MED PA'I MTSHAN NYID brjod nas / / "
"553202","TD4027E.TXT.r_85;TD4027E.TXT.r_86;TD4027E.TXT.r_87;TD4027E.TXT.r_88"," dmigs pa la ni brten nas su // / +mi dmigs pa ni rab tu skye // / +mi dmigs pa la brten nas su // / +mi dmigs pa ni rab tu skye // / ","0.0#TD4021E.TXT.r#2100483#2100488#TD4021E.TXT.r_30;TD4021E.TXT.r_31;TD4021E.TXT.r_32;TD4021E.TXT.r_33;TD4021E.TXT.r_34# gnyis po med pa'i phyir bshad do // / +dmigs PA LA NI BRTEN NAS SU // / +mi DMIGS PA NI RAB TU SKYE // / "
"553212","TD4027E.TXT.r_89;TD4027E.TXT.r_90"," zhes bya ba'o // / +rnam par rig pa tsam du dmigs pa la brten nas don mi dmigs pa skye'o // / ","0.022#TD4032E.TXT.r#1923729#1923731#TD4032E.TXT.r_653;TD4032E.TXT.r_654# de nye bar mtshon pa'i don du tshigs su bcad pa 'di gsungs so // / +rnam PAR RIG PA TSAM DU DMIGS PA LA BRTEN NAS DON MI DMIGS PA SKYE'O ZHES BYA BA NI / / ","0.023#TD4032E.TXT.r#1924187#1924187#TD4032E.TXT.r_726;TD4032E.TXT.r_727# don MI DMIGS PA LA BRTEN NAS / / +rnam PAR RIG PA TSAM YANG mi dmigs pa skye ste ZHES BYA BA NI / / "
"553220","TD4027E.TXT.r_91;TD4027E.TXT.r_92"," don mi dmigs pa la brten nas rnam par rig pa tsam yang  mi dmigs pa skye ste / / +de ltar gzung ba dang 'dzin pa dag med pa'i mtshan nyid la 'jug go // / ","0.019#TD4032E.TXT.r#1924186#1924187#TD4032E.TXT.r_725;TD4032E.TXT.r_726;TD4032E.TXT.r_727# de LTAR RNAM PAR RIG PA TSAM DU dmigs pas yul mi dmigs par bsgom mo // / +don MI DMIGS PA LA BRTEN NAS / / +RNAM PAR RIG PA TSAM YANG MI DMIGS PA SKYE STE ZHES bya ba ni / / ","0.019#TD4032E.TXT.r#1923729#1923730#TD4032E.TXT.r_653;TD4032E.TXT.r_654# de nye bar mtshon pa'i don du tshigs su bcad pa 'di gsungs so // / +rnam PAR RIG PA TSAM DU DMIGS PA LA BRTEN NAS DON mi dmigs pa skye'o zhes bya ba ni / / "
"553232","TD4027E.TXT.r_93;TD4027E.TXT.r_94;TD4027E.TXT.r_95"," de yi phyir na dmigs pa ni // / +mi dmigs ngo bo nyid du grub // / +dmigs par bya ba'i don med na dmigs pa mi rung ba'i phyir ro // / "
"553243","TD4027E.TXT.r_96;TD4027E.TXT.r_97;TD4027E.TXT.r_98"," de lta bas na dmigs pa dang / / +mi dmigs mnyam par shes  par bya // / +dmigs pa ni dmigs pa nyid du ma grub pa'i phyir ro // / "
"553255","TD4027E.TXT.r_99"," mi dmigs pa'i ngo bo nyid yin yang yang dag pa ma yin pa'i don du snang bas dmigs pa zhes bya'o // / ","0.0#TD4032E.TXT.r#1924517#1924521#TD4032E.TXT.r_777;TD4032E.TXT.r_778;TD4032E.TXT.r_779# de nyid kyi phyir sbrul du 'khrul pa mi dmigs par bshad pa bzhin du / / +mi DMIGS PA'I NGO BO NYID YIN YANG / / +yang DAG PA MA YIN PA'I DON DU SNANG BA'I phyir dmigs pa zhes bshad do  zhes zer ro // / ","0.022#TD4032E.TXT.r#1924473#1924473#TD4032E.TXT.r_770;TD4032E.TXT.r_771# dmigs pa dang mi dmigs pa'i sgra dag phan tshun 'gal ba bsal ba'i phyir / / +yang DAG PA MA YIN PA'I DON DU SNANG BAS DMIGS PA ZHES BYA'O ZHES bya ba smos te / / ","0.023#TD4053E.TXT.r#2998776#2998776#TD4053E.TXT.r_4512# YANG DAG PA MA YIN PA'I KUN DU BRTAGS PA'I NGO BO NYID BKAG pa'i phyir ro // / "
"553263","TD4027E.TXT.r_100;TD4027E.TXT.r_101"," da ni yang dag pa ma yin pa kun tu rtog pa nyid kyi rab tu dbye ba'i mtshan nyid ston te / / +yang dag ma yin kun rtog ni // / "
"553272","TD4027E.TXT.r_102;TD4027E.TXT.r_103;TD4027E.TXT.r_104"," sems dang sems byung khams gsum pa // / +zhes bya ba'o // / +'dod pa dang  gzugs dang  gzugs med pa na spyod pa tha dad pas so // / ","0.0#TD4018E.TXT.r#3058501#3058509#TD4018E.TXT.r_7043;TD4018E.TXT.r_7044;TD4018E.TXT.r_7045;TD4018E.TXT.r_7046;TD4018E.TXT.r_7047# 'phags pa btsun gtso byams pa'i dgongs pa byed pa yang dag pa ma yin pa kun du rtog pa'i bshad pa ni / / +yang dag ma yin kun rtog ni // / +sems DANG SEMS BYUNG KHAMS GSUM PA // / ","0.022#TD4032E.TXT.r#1924719#1924721#TD4032E.TXT.r_813;TD4032E.TXT.r_814;TD4032E.TXT.r_815# de bas na de bsal ba'i phyir / / +yang dag ma yin kun rtog ni // / +sems DANG SEMS BYUNG KHAMS GSUM PA // / ","0.027#TD4032E.TXT.r#1927441#1927442#TD4032E.TXT.r_1214;TD4032E.TXT.r_1215;TD4032E.TXT.r_1216# rab tu dbye ba'i mtshan nyid ni / / +yang dag ma yin kun rtog ni // / +sems DANG SEMS BYUNG KHAMS GSUM PA // / ","0.029#TD4064E.TXT.r#422781#422781#TD4064E.TXT.r_917;TD4064E.TXT.r_918# yang dag ma yin kun rtog ni // / +sems DANG SEMS BYUNG KHAMS GSUM PA // / ","0.029#TD4054E.TXT.r#1007751#1007751#TD4054E.TXT.r_2790# lus la sred pa dang mtshungs par ldan pa'i khams gsum du so sor 'dod pa dang  gzugs  DANG GZUGS MED PA NA SPYOD PA DAG go // / "
"553282","TD4027E.TXT.r_105;TD4027E.TXT.r_106"," rnam grangs kyi mtshan nyid kyang ston te / / +de la don mthong rnam par shes // / ","0.0#TD4021E.TXT.r#2100512#2100513#TD4021E.TXT.r_41;TD4021E.TXT.r_42# de LA DON MTHONG RNAM PAR SHES // / +de yi khyad par sems las byung // / ","0.0#TD4079E.TXT.r#758500#758501#TD4079E.TXT.r_297;TD4079E.TXT.r_298# de la  DON MTHONG RNAM PAR SHES // / +de yi khyad par sems las byung // / ","0.019#TD4032E.TXT.r#1927452#1927453#TD4032E.TXT.r_1219;TD4032E.TXT.r_1220# de LA DON MTHONG RNAM PAR SHES // / +de yi bye brag sems las byung // / "
"553290","TD4027E.TXT.r_107;TD4027E.TXT.r_108;TD4027E.TXT.r_109"," de yi khyad par sems las byung // / +zhes bya ba'o // / +don tsam mthong ba  ni rnam par shes pa'o // / ","0.0#TD4018E.TXT.r#3038627#3038627#TD4018E.TXT.r_4448;TD4018E.TXT.r_4449# de la don mthong rnam par shes // / +de YI KHYAD PAR SEMS LAS BYUNG // / "
"553299","TD4027E.TXT.r_110;TD4027E.TXT.r_111"," don gyi khyad par mthong ba ni sems las byung ba rnams te tshor ba la sogs pa'o // / +'jug pa'i mtshan nyid kyang ston te / / ","0.024#TD4032E.TXT.r#1924965#1924967#TD4032E.TXT.r_853;TD4032E.TXT.r_854# khyad par sel ba'i phyir te khyad par mi 'dzin gyi dngos po'i rang gi ngo bo tsam dmigs so zhes bya ba'i tha tshig go // / +don GYI KHYAD PAR MTHONG BA NI SEMS LAS BYUNG BA RNAMS TE  TSHOR BA LA SOGS PA'O ZHES bya ba ni khyad par gyi ngo bo de dang des der mngon par 'jug pa'i phyir ro // / "
"553308","TD4027E.TXT.r_112;TD4027E.TXT.r_113"," gcig ni rkyen gyi rnam par shes // / +gnyis pa nye bar spyod pa can // / ","0.0#TD4048E.TXT.r#1685874#1685875#TD4048E.TXT.r_302;TD4048E.TXT.r_303;TD4048E.TXT.r_304# dbus dang mtha' rnam par 'byed pa'i tshigs su bcad pa las / / +gcig NI RKYEN GYI RNAM PAR SHES // / "
"553316","TD4027E.TXT.r_114;TD4027E.TXT.r_115"," nye bar spyod pa dang yongs gcod dang / / +de yi 'jug byed sems las byung // / ","0.0#TD4021E.TXT.r#2100530#2100532#TD4021E.TXT.r_45;TD4021E.TXT.r_46# nye bar SPYOD DANG YONGS GCOD DANG / / +de YI 'JUG BYED SEMS LAS BYUNG // / ","0.028#TD4048E.TXT.r#1685884#1685884#TD4048E.TXT.r_305# nye bar SPYOD DANG YONGS GCOD DANG  de YI 'JUG BYED SEMS LAS BYUNG // / "
"553324","TD4027E.TXT.r_116;TD4027E.TXT.r_117"," zhes bya ba'o // / +kun gzhi rnam par shes pa ni rnam par shes pa gzhan dag gi rkyen yin pas rkyen gyi rnam par shes pa'o // / ","0.022#TD4032E.TXT.r#1925236#1925237#TD4032E.TXT.r_897;TD4032E.TXT.r_898# RNAM PAR SHES PA DANG  grub pa dang bde ba gcig pa'i phyir ro // / +kun GZHI RNAM PAR SHES PA NI RNAM PAR SHES PA GZHAN DAG NI RGYU'I RKYEN YIN PAS RKYEN GYI RNAM  par shes pa'o ZHES BYA BA LA / / ","0.023#TD4068E.TXT.r#603648#603649#TD4068E.TXT.r_3829# skad cig ma de ma thag pa'i rkyen de ni rnam pa gcig la zhen PA'I RNAM PAR SHES PA'I DE ma thag pa'i rkyen byas KYI RNAM PAR SHES PA GZHAN GYI de ma thag pa'i rkyen ma     // / ","0.029#TD4094.1E.TXT.r#1755518#1755518#TD4094.1E.TXT.r_7093# de dag kyang reg pa'i rkyen gyis byung ba ste reg pa'i rkyen ma yin par gzhan du tshor ba 'byung bar 'gyur ba 'di ni gnas ma yin no // / ","0.029#TD4035E.TXT.r#159709#159709#TD4035E.TXT.r_6049# sred pa ni ma rig pa'i rkyen dang  de dang mthun pa'i yul gyi  rkyen las 'byung bar yang gsungs na / / "
"553334","TD4027E.TXT.r_118;TD4027E.TXT.r_119"," de las byung ba 'jug pa'i rnam par shes pa ni nye bar spyod pa can no // / +nye bar spyod pa ni tshor ba'o // / ","0.0#TD4032E.TXT.r#1925276#1925282#TD4032E.TXT.r_902;TD4032E.TXT.r_903# zag pa dang bcas pa'i chos thams cad kyi sa bon rjes su 'brel ba dang  'jug pa NI RNAM PAR SHES PA gzhan dag gi rgyu'i rkyen yin pas rkyen gyi RNAM PAR SHES PA'O // / "
"553342","TD4027E.TXT.r_120;TD4027E.TXT.r_121;TD4027E.TXT.r_122"," yongs su spyod pa ni 'du shes // / +rnam par shes pa 'jug par    byed pa dag ni 'du byed rnams te / / +sems pa dang yid la byed pa la sogs pa'o // / ","0.017#TD4032E.TXT.r#1925526#1925526#TD4032E.TXT.r_939;TD4032E.TXT.r_940# BDE BA LA SOGS PA'I bye brag 'dzin pa'i bdag nyid kyi phyir tshor ba YONGS SU SPYOD PA NI 'DU SHES NYE bar spyod pa dang  'du shes la rnam PAR SHES PA 'JUG PAR BYED PA DAG NI 'DU BYED RNAMS TE / / +sems PA DANG YID LA BYED PA LA  sogs pa'o // / "
"553351","TD4027E.TXT.r_123;TD4027E.TXT.r_124;TD4027E.TXT.r_125"," kun nas nyon mongs pa'i mtshan nyid kyang ston te / / +sgrib pa'i phyir dang 'debs pa'i phyir // / +khrid pa'i phyir dang kun 'dzin phyir // / ","0.0#TD4021E.TXT.r#2100538#2100542#TD4021E.TXT.r_47;TD4021E.TXT.r_48;TD4021E.TXT.r_49# sgrib PA'I PHYIR DANG 'DEBS PA'I PHYIR // / +khrid  PA'I PHYIR DANG KUN 'DZIN PHYIR // / ","0.0#TD4032E.TXT.r#1925621#1925622#TD4032E.TXT.r_955;TD4032E.TXT.r_956# sgrib PA'I PHYIR DANG 'DEBS PA'I PHYIR // / +khrid PA'I PHYIR DANG KUN 'DZIN PHYIR // / ","0.015#TD4038.2E.TXT.r#3131354#3131355#TD4038.2E.TXT.r_5407# de bzhin nyid rnam par dag pas rab tu phye ba'i phyir dang  ma byung ba'i phyir dang  ma skyes pa'i phyir dang  ldog pa med pa'i phyir ro // / ","0.015#TD4034.2E.TXT.r#2914485#2914485#TD4034.2E.TXT.r_6541;TD4034.2E.TXT.r_6542# de yang mi rung bar ston to // / +ji ltar mi rung bar rigs pa bstan pa'i phyir / / ","0.019#TD4093.1E.TXT.r#862230#862232#TD4093.1E.TXT.r_15521# srid pa bar ma zhes  bya ba 'di ci zhe na zhes bya ba la 'di log par rtogs pa'i phyir dang  mtshan nyid ma bstan pa'i phyir the tshom za bas dris pa'o // / ","0.019#TD4051E.TXT.r#1247977#1247978#TD4051E.TXT.r_2174# rigs pa 'di nyid kyis med pa'i phyir yod pa ma yin pa'i mtshan nyid dang  yod pa'i phyir med pa ma yin pa'i mtshan nyid pas gnyis su med pa'i mtshan nyid do // / ","0.022#TD4034.2E.TXT.r#2914260#2914262#TD4034.2E.TXT.r_6518# de la gtan  tshigs ni mi rigs pa'i phyir dang  rgyu las byung ba'i phyir dang  'gal ba'i phyir dang  bdag nyid mi gnas pa'i phyir dang  dngos po med pa'i phyir dang  mtshan nyid nges pa'i phyir dang  rjes su 'brang ba'i phyir dang  'gog pa'i phyir dang  'gyur ba nye bar dmigs  pa'i phyir dang  rgyu dang 'bras bu'i phyir dang  zin pa'i phyir dang  dbang gi phyir dang  dag pa'i phyir dang  sems can gyi rjes su 'brang ba'i phyir dang  phyi nang gi 'dus byas rnams mi rtag go zhes dam bca' ste / / ","0.023#TD4032E.TXT.r#1927472#1927477#TD4032E.TXT.r_1226;TD4032E.TXT.r_1227;TD4032E.TXT.r_1228# KUN NAS NYON MONGS PA'I MTSHAN NYID NI / / +sgrib PA'I PHYIR DANG 'DEBS PA'I PHYIR // / ","0.023#TD4092.1E.TXT.r#1460702#1460702#TD4092.1E.TXT.r_7104;TD4092.1E.TXT.r_7105# de dag gi mthun pa'i mtshan nyid rnams ni thag ring ba'i phyir ro // / +rang gi mthun pa'i mtshan nyid rnams kyi ni yin te nye ba'i phyir ro // / ","0.025#TD4010E.TXT.r#2260659#2260659#TD4010E.TXT.r_3873;TD4010E.TXT.r_3874# yang  de'i tshe de bzhin gshegs pa gzi brjid tshogs kyi rgyal po khyad par du ting nge 'dzin gyi rgyal po'i che ba'i bdag nyid kyi yon tan nges par ston cing chos ston to // / +don dam pa'i rang bzhin gsal bar bye ba'i phyir dang  chos thams cad bdag med par rab tu  sgrub pa'i phyir / / ","0.026#TD4069E.TXT.r#668989#668989#TD4069E.TXT.r_6533;TD4069E.TXT.r_6534# de rtogs pa dang mthun pa'i phyir ro // / +brjod du med pa'i mtshan nyid rtogs pa dang mthun pa'i phyir ro zhes bya ba'i tha tshig go // / ","0.027#TD4026E.TXT.r#284555#284555#TD4026E.TXT.r_1621;TD4026E.TXT.r_1622;TD4026E.TXT.r_1623# sems dang shes rab rnam par grol ba dag ni des rab tu phye ba'i phyir ro // / +med pa yang ma yin te / / +rnam par grol ba'i mtshan nyid de lta bur yod pa'i phyir ro // / ","0.028#TD4092.2E.TXT.r#2550998#2550998#TD4092.2E.TXT.r_1881;TD4092.2E.TXT.r_1882# chos thams cad ni bdag med pa'o zhes bya bar chos kyi ngo bo nyid mngon par shes pa'i phyir ro // / +gya gyu'i rgyu las byung ba'i phyir zhes bya ba ni gya gyu'i rgyu can yin pa'i phyir te / / ","0.029#TD4047E.TXT.r#1132622#1132622#TD4047E.TXT.r_1640# kha na ma tho ba med pa'i mtshan nyid yin pa'i phyir dang  yongs su gyur pa'i dus su bde ba'i phyir te / / ","0.029#TD4095E.TXT.r#96172#96172#TD4095E.TXT.r_6431# phyir mi 'ong ba dbang po rnon po rnams ni gnas gtsang mar skye bar bya ba'i phyir dang  mthong ba'i chos la bde bar gnas par bya ba'i phyir ro // / ","0.029#TD4026E.TXT.r#284529#284529#TD4026E.TXT.r_1618;TD4026E.TXT.r_1619# ji ltar lcags la tsha ba zhi ba dang  mig la rab rib zhi ba ni gdung ba dang rab rib med pa'i mtshan nyid yin pa'i phyir yod pa'ang ma yin la / / +zhi ba'i mtshan nyid du yod pa'i phyir med pa'ang ma yin pa de bzhin du / / ","0.029#TD4009E.TXT.r#340991#340991#TD4009E.TXT.r_2757;TD4009E.TXT.r_2758;TD4009E.TXT.r_2759# sems yongs su dag par bya ba'i phyir ma yin / / +dul bar bya ba'i phyir ma yin / / +nye bar zhi bar bya ba'i phyir ma yin la dmigs par lta ba yin te / / ","0.029#TD4009E.TXT.r#341148#341154#TD4009E.TXT.r_2778;TD4009E.TXT.r_2779;TD4009E.TXT.r_2780;TD4009E.TXT.r_2781;TD4009E.TXT.r_2782# skyo bar bya ba'i phyir ma yin / / +'dod chags dang bral bar bya ba'i phyir ma yin / / +'gag par bya ba'i phyir ma yin / / ","0.029#TD4038.1E.TXT.r#2726083#2726083#TD4038.1E.TXT.r_3582# dngos po  rnams ni rten cing 'brel par 'byung ba'i phyir dang  skad cig pa'i phyir dang  gyo ba med pa'i phyir ro // / ","0.029#TD4047E.TXT.r#1136708#1136708#TD4047E.TXT.r_2233# rnam par smin pa'i 'bras bu brgyad po 'di dag sems can rnams la phan pa'i phyir dang  dge ba'i phyir dang  yongs su smin par bya ba'i phyir  bsgrub par bya'o zhes bya bas phan pa ste gzhan gyi don las brtsams pa'o // / ","0.029#TD4061E.TXT.r#1530641#1530641#TD4061E.TXT.r_2466# gzhan yang rtag tu bsgom pa'i phyir dang  KUN NAS NYON MONGS PA can ma yin par bsgom pa'i phyir dang  bar chad med par bsgom pa'i phyir dang  chog mi shes par bsgom pa'i phyir ro // / ","0.029#TD4069E.TXT.r#632115#632115#TD4069E.TXT.r_1331# lhag mthong la zhugs pa'i ni rnam par ma zhig pa dang  ma nges pa'i skyon yod pa'i phyir ni rnam par ma zhi ba'i skyon yod pa'i phyir dang  ma nges pa'i skyon yod pa'i phyir ro // / ","0.029#TD4093.2E.TXT.r#2070011#2070011#TD4093.2E.TXT.r_13311# rmad du byung ba ni sangs rgyas rnams las gzhan la med pa'i phyir dang  mdzad par dka' ba'i phyir dang  brnyes par dka' ba'i phyir ro // / "
"553363","TD4027E.TXT.r_126;TD4027E.TXT.r_127"," rdzogs byed phyir dang gsum gcod phyir // / +nye bar gcod phyir sdud  pa'i phyir // / ","0.0#TD4021E.TXT.r#2100543#2100550#TD4021E.TXT.r_48;TD4021E.TXT.r_49;TD4021E.TXT.r_50# khrid  pa'i phyir dang kun 'dzin phyir // / +rdzogs BYED PHYIR DANG GSUM GCOD PHYIR // / "
"553374","TD4027E.TXT.r_128;TD4027E.TXT.r_129"," sbyor ba'i phyir dang mngon du'i phyir // / +sdug bsngal phyir ni 'gro nyon mongs // / ","0.0#TD4021E.TXT.r#2100556#2100572#TD4021E.TXT.r_50;TD4021E.TXT.r_51;TD4021E.TXT.r_52;TD4021E.TXT.r_53;TD4021E.TXT.r_54# nye bar gcod phyir sdud pa'i phyir // / +sbyor BA'I PHYIR DANG MNGON DU'I PHYIR // / "
"553384","TD4027E.TXT.r_130;TD4027E.TXT.r_131"," rnam gsum rnam gnyis kyang nyon mongs // / +rnam bdun yang dag min rtog las // / ","0.0#TD4027E.TXT.r#553475#553483#TD4027E.TXT.r_144;TD4027E.TXT.r_145;TD4027E.TXT.r_146;TD4027E.TXT.r_147# de yang / / +rnam GSUM RNAM GNYIS KYANG NYON MONGS // / ","3.576#TD4032E.TXT.r#1926627#1926629#TD4032E.TXT.r_1081;TD4032E.TXT.r_1082# de yang RNAM GSUM RNAM GNYIS KYANG // / +nyon mongs rnam bdun zhes bya ba smos so // / ","0.029#TD4032E.TXT.r#1920713#1920713#TD4032E.TXT.r_157;TD4032E.TXT.r_158# rnam BDUN YANG DAG MIN RTOG LAS // / +zhes bya ba'i bar du'o // / "
"553395","TD4027E.TXT.r_132;TD4027E.TXT.r_133"," zhes bya ba'o // / +de la sgrib pa'i phyir ni ma rig pas yang dag pa ji lta ba bzhin du mthong ba la bgegs byed  pa'i phyir ro // / ","0.015#TD4036E.TXT.r#43240#43243#TD4036E.TXT.r_6551;TD4036E.TXT.r_6552;TD4036E.TXT.r_6553# rtogs ba rnam pa gsum gyi dbang du byas pa'i phyir te / / +smras pa'i don rtogs pa dang  dngos po'i mtha' rtogs pa dang  YANG DAG PA JI LTA BA BZHIN DU RTOGS pa'o // / ","0.017#TD4016.1E.TXT.r#517272#517272#TD4016.1E.TXT.r_8745;TD4016.1E.TXT.r_8746# yang dag pa'i don du na shes rab kyi dbang gis dran pa yul gnas par byed de / / +yang DAG PA JI LTA BA BZHIN DU MTHONG BA DAG gsal bar dran pa'i phyir ro zhes bshad do // / ","0.021#TD4064E.TXT.r#419705#419705#TD4064E.TXT.r_461# sems mnyam par gzhag NA YANG DAG PA JI LTA BA BZHIN DU rab tu shes pa'i phyir shes pa'i rten byed pa'i las can no // / ","0.021#TD4066E.TXT.r#2107356#2107356#TD4066E.TXT.r_753;TD4066E.TXT.r_754# sems mnyam par bzhag NA YANG DAG PA JI LTA BA BZHIN DU / / +yongs su shes pa'i phyir shes pa'i rten byed pa'i las can no // / ","0.022#TD4026E.TXT.r#276663#276663#TD4026E.TXT.r_310# YANG DAG PA JI LTA BA BZHIN SHES pa las ma thob par yongs su NYAMS PA'I PHYIR RO // / ","0.023#TD4016.1E.TXT.r#542061#542062#TD4016.1E.TXT.r_12046;TD4016.1E.TXT.r_12047# gong ma bzhin du rig par bya'o // / +mtshan nyid med pa'i CHOS YANG DAG PA JI LTA BA BZHIN DU rab tu shes pa'i phyir ni kun nas nyon mongs pa'i mtshan nyid kyi  chos thams cad rab tu spangs par 'gyur ro // / ","0.027#TD4032E.TXT.r#1925655#1925655#TD4032E.TXT.r_961;TD4032E.TXT.r_962# gang gis sgrib pa ji ltar sgrib pa'i phyir nyon mongs par byed ce na / / +de'i PHYIR MA RIG PAS YANG DAG PA  JI LTA BA BZHIN DU MTHONG BA LA BGEGS BYED PA'I PHYIR RO ZHES bya ba smos so // / ","0.028#TD4069E.TXT.r#637774#637774#TD4069E.TXT.r_2123;TD4069E.TXT.r_2124# bden pa de yang zhes bya ba ni 'gog pa'i bden pa'o // / +YANG DAG PA JI LTA BA BZHIN DU MNGON par rtogs pa'i phyir ro zhes bya ba NI YANG DAG PA JI LTA BA BZHIN DU MNGON par rdzogs par byang chub pa'i phyir ro zhes bya ba'i tha tshig go // / ","0.028#TD4009E.TXT.r#332125#332125#TD4009E.TXT.r_1632# de la sdug bsngal gyi phung po chen po 'di 'ba' zhig 'gag par 'gyur ro zhes gsungs  pa gnyen po dang  'dus ma byas rnam par gzhag pa la ngo bo nyid mi dmigs par yongs su brjod pa dang bye brag mi dmigs par yongs su brjod pa dang  de goms par BYAS PAS YANG DAG PA JI LTA BA BZHIN DU shes pa'i bar du rtogs pa yongs su brjod pas so // / ","0.028#TD4016.2E.TXT.r#2369537#2369537#TD4016.2E.TXT.r_6977# ro myang ba'i phyir dang  nges par 'byung ba'i bar la nges par 'byung BAR YANG DAG PA JI LTA BA BZHIN DU shes pa'o // / ","0.029#TD4092.2E.TXT.r#2614910#2614910#TD4092.2E.TXT.r_9763# bdag gis kun 'byung ba spangs so zhes bya ba dang  bdag gis 'gog pa mngon du byas so zhes bya ba dang  bdag gis lam bsgoms so zhes bya bar  YANG DAG PA JI LTA BA BZHIN DU shes so zhes bya BAR YANG DAG PA JI LTA BA BZHIN rtogs pa'i phyir zad pa shes pa de byang chub yin no // / "
"553406","TD4027E.TXT.r_134"," 'debs pa'i phyir ni 'du byed rnams kyis rnam par shes pa la las kyi bag chags 'jog pa'i phyir ro // / "
"553414","TD4027E.TXT.r_135"," khrid pa'i phyir ni rnam par shes pas skye ba'i gnas su phyin par byed pa'i phyir ro // / "
"553422","TD4027E.TXT.r_136;TD4027E.TXT.r_137"," kun 'dzin phyir ni ming dang gzugs kyi lus so // / +rdzogs byed phyir ni skye  mched drug gis so // / "
"553433","TD4027E.TXT.r_138;TD4027E.TXT.r_139;TD4027E.TXT.r_140"," gsum gcod phyir ni reg pas so // / +nye bar spyod pa'i phyir ni tshor bas so // / +sdud pa'i phyir ni las kyis btab pa'i yang srid pa sred pas so // / ","0.0#TD4070E.TXT.r#2802359#2802363#TD4070E.TXT.r_41;TD4070E.TXT.r_42# de ni sngon med pa'i las bstsags pa'i phyir gang ba'o // / +sngon byas pa'i las yongs su spyad pas zad pa'i phyir zag pa'o // / ","0.0#TD4090.1E.TXT.r#1654030#1654031#TD4090.1E.TXT.r_9489;TD4090.1E.TXT.r_9490# las rnams smin phyir mi gyo'i phyir // / +'dod pa na spyod pa'i las ni rnam par smin pa'i phyir gyo ba yin no // / ","0.0#TD4093.2E.TXT.r#1994381#1994384#TD4093.2E.TXT.r_2261;TD4093.2E.TXT.r_2262# sa rnams sred pas yongs su bcad pa'i phyir ro // / +'dod pa na spyod pa'i rdzogs par byed pa'i las ni rnam par smin pa'i phyir gyo ba yin no // / ","0.010#TD4066E.TXT.r#2116302#2116302#TD4066E.TXT.r_1992;TD4066E.TXT.r_1993# mthong bas spang bar bya ba'i nyon mongs pa med pa'i phyir ro // / +de bzhin du yang srid pa 'phangs pa'i las kyang nyon mongs pa med na yang srid pa 'byung bar mi 'gyur te / / ","0.011#TD4034.1E.TXT.r#970574#970574#TD4034.1E.TXT.r_10292;TD4034.1E.TXT.r_10293# chos kyi sbyin pa chen po ston pa rnam pa bzhi 'byung ba dang don gcig tu sbyar ba'i phyir / / +de la dang pos ni mang du thos pa'i phyir gsal bar ston par 'gyur ro zhes bya ba la / / ","0.012#TD4072E.TXT.r#2099615#2099615#TD4072E.TXT.r_1049;TD4072E.TXT.r_1050# de yang 'dzin pa nyid du so sor snang ba'i phyir rnam par rtog pa'o // / +de dag las yang dag par 'das pa'i phyir rnam par rig pa med pa'o // / ","0.012#TD4093.1E.TXT.r#774622#774625#TD4093.1E.TXT.r_1290;TD4093.1E.TXT.r_1291;TD4093.1E.TXT.r_1292# de dag gis srid pa gsum du skye ba dang 'dzin par byed pa'i phyir ro // / +yang srid pa 'phen par byed pa'i las nye bar len pa'i phyir ro // / ","0.012#TD4009E.TXT.r#340989#340991#TD4009E.TXT.r_2757;TD4009E.TXT.r_2758;TD4009E.TXT.r_2759# sems yongs su dag par bya ba'i phyir ma yin / / +dul bar bya ba'i phyir ma yin / / ","0.012#TD4009E.TXT.r#341148#341154#TD4009E.TXT.r_2778;TD4009E.TXT.r_2779;TD4009E.TXT.r_2780;TD4009E.TXT.r_2781;TD4009E.TXT.r_2782# skyo bar bya ba'i phyir ma yin / / +'dod chags dang bral bar bya ba'i phyir ma yin / / +'gag par bya ba'i phyir ma yin / / ","0.012#TD4016.3E.TXT.r#235249#235249#TD4016.3E.TXT.r_2723# sems can rnams kyi don tshegs chung dus sgrub pa'i phyir dang  sems can rnams kyis gces par bya ba bskyed pa'i phyir dang  bzo dang las kyi gnas shes par bya ba'i sbyin pa'i phan 'dogs pas bsdus pa'i  phyir ro // / ","0.012#TD4029E.TXT.r#2134732#2134732#TD4029E.TXT.r_1864;TD4029E.TXT.r_1865# chos dang chos can dag tha mi dad pa'i phyir ro // / +de nyid kyi phyir mjug thogs su bsgoms pa las byung ba'i shes pas de rnyed par rig par bya'o zhes bshad do gnyis mi dmigs pas rnyed pa  las ji skad bshad pa ltar gnyis mi dmigs pa'i phyir ro zhes bya ba ni sngar phyir nang gi dmigs pa gnyis po thams cad kyi de bzhin nyid rnyed pa ni gzung ba dang 'dzin pa de gnyis nyid mi dmigs pa las rig pa bya'o zhes gnyi ga'i dmigs pa rnyed pa lta bu bshad pa yin te / / ","0.012#TD4038.2E.TXT.r#3096155#3096155#TD4038.2E.TXT.r_610# ji ltar ming rnam par gzhag pa bzhin du rgyu mtshan la de'i blo 'byung bar 'gyur ba dang  rgyu mtshan gcig la yang nye bar 'dogs pa mang ba'i phyir dang  sna tshogs pa'i phyir bdag nyid mang po 'thob par 'gyur bas /// / ","0.012#TD4046E.TXT.r#2201119#2201119#TD4046E.TXT.r_710;TD4046E.TXT.r_711# de la nyes pa dang bcas pa ni kha na ma tho ba skye ba'i phyir ro // / +'gal ba dang bcas pa  ni byang chub sems dpa'i chos nyid dang 'gal ba'i phyir ro // / ","0.012#TD4047E.TXT.r#1155762#1155762#TD4047E.TXT.r_5095;TD4047E.TXT.r_5096# rtag tu byed pa dang  gus par byed pa'i    sbyor ba las skyes pa'i phyir gsal ba'o // / +yang bsam pa'i yon tan dang ldan pa'i phyir brling ba'o // / ","0.012#TD4047E.TXT.r#1162313#1162313#TD4047E.TXT.r_6047;TD4047E.TXT.r_6048;TD4047E.TXT.r_6049# gang gi tshe mngon par mtho ba las brtsams nas chos ston par byed pa'i tshe sbyin pa dang  tshul  khrims dang  mtho ris kyi gtam byed pa'o zhes bya ba'o // / +rnam par ma 'khrugs pa'i phyir ma 'dres pa'o // / +rnam par ma 'khrugs pa nyid bstan pa'i phyir 'jug sla zhing zhes bya ba la sogs pa'o // / ","0.012#TD4052E.TXT.r#2847926#2847926#TD4052E.TXT.r_771;TD4052E.TXT.r_772# rnam pa gcig tu na thos  pa las byung ba dang bsams pa las byung ba dang  skyes nas thob pa'i shes pa dag gis mngon sum du ma byas pa'i phyir zab pa'o // / +'jig rten pa'i bsgoms pa las byung ba'i mngon sum ma yin pa'i phyir phra ba'o // / ","0.012#TD4061E.TXT.r#1530640#1530641#TD4061E.TXT.r_2466# gzhan yang rtag tu bsgom pa'i phyir dang  kun nas nyon mongs pa can ma yin par bsgom pa'i phyir dang  bar chad med par bsgom pa'i phyir dang  chog mi shes par bsgom pa'i phyir ro // / ","0.012#TD4069E.TXT.r#632114#632115#TD4069E.TXT.r_1331# lhag mthong la zhugs pa'i ni rnam par ma zhig pa dang  ma nges pa'i skyon yod pa'i phyir ni rnam par ma zhi ba'i skyon yod pa'i phyir dang  ma nges pa'i skyon yod pa'i phyir ro // / ","0.012#TD4090.2E.TXT.r#1078526#1078526#TD4090.2E.TXT.r_4380# bsam gtan gnyis pa'i sa pa'i kha dog gi 'dod chags med pa'i phyir dang  bde ba'i snying pos skyed pa'i phyir ro // / ","0.013#TD4009E.TXT.r#339631#339631#TD4009E.TXT.r_2598;TD4009E.TXT.r_2599;TD4009E.TXT.r_2600# phyir ma yin / / +tshangs pa'i phyir ma yin / / +mya ngan las 'das pa'i phyir ma yin zhes bya ba'o // / ","0.013#TD4069E.TXT.r#664728#664728#TD4069E.TXT.r_5903;TD4069E.TXT.r_5904# 'o na de lta na ni gzugs mang po las gcig gzugs kyi skye mched du bstan pa ni 'brel par rab tu bstan pa'i phyir ro // / +ji ltar byas pas 'brel par rab tu bstan pa'i phyir  yin zhe na / / ","0.013#TD4092.2E.TXT.r#2603089#2603090#TD4092.2E.TXT.r_8395;TD4092.2E.TXT.r_8396# dbang po rnon po rnams ni gnas gtsang mar skye bar bya ba'i phyir dang  mthong ba'i chos la bde bar gnas par bya ba kho na'i phyir spel bar byed kyi de dag la yang yongs su nyams pa mi srid pa'i phyir nyon  mongs pas 'jigs PA'I PHYIR NI MA YIN no // / +yang ji ltar na nyon mongs pas 'jigs pas yongs su mi nyams par bya ba'i phyir spel bar byed ce na / / ","0.014#TD4032E.TXT.r#1926427#1926427#TD4032E.TXT.r_1062# mngon du'i phyir zhes bya ba 'dir yang gzhan gyis yongs su dri bar bya ba'i skabs su bdag nyid kyis las byas pa'i rnam par smin pas yang srid par 'byin par mngon par byed pa'i phyir ro zhes bya ba smos te / / ","0.014#TD4035E.TXT.r#155443#155443#TD4035E.TXT.r_5305;TD4035E.TXT.r_5306# las zad par 'gyur ba ni las gsum char yang spong ba'i gnyen por gyur pa'i phyir / / +'jig rten las 'das pa'i zag pa med pa'i las gang yin pa'o // / ","0.014#TD4083E.TXT.r#690165#690165#TD4083E.TXT.r_731# yang gang zhig bdag sems bzhin zhes 'don pa ni byang chub sems dpa'i sde snod las ma gsungs pa'i phyir dang  bzhin zhes bya ba ni mi rigs pa'i phyir log par brjod pa nyid yin no // / ","0.014#TD4092.1E.TXT.r#1411795#1411795#TD4092.1E.TXT.r_1321# rgyu gzhan ma tshang ba'i phyir zhes bya ba ni yang srid pa'i las dang nyon mongs pas ma tshang ba'i phyir ro // / ","0.015#TD4069E.TXT.r#662789#662789#TD4069E.TXT.r_5645# grib ma 'khor ba'i phyir dang  che ba'i phyir dang  chung bar 'gyur ba'i phyir ro // / ","0.015#TD4038.1E.TXT.r#2726083#2726083#TD4038.1E.TXT.r_3582# dngos po  rnams ni rten cing 'brel par 'byung ba'i phyir dang  skad cig pa'i phyir dang  gyo ba med pa'i phyir ro // / ","0.015#TD4047E.TXT.r#1136708#1136708#TD4047E.TXT.r_2233# rnam par smin pa'i 'bras bu brgyad po 'di dag sems can rnams la phan pa'i phyir dang  dge ba'i phyir dang  yongs su smin par bya ba'i phyir  bsgrub par bya'o zhes bya bas phan pa ste gzhan gyi don las brtsams pa'o // / ","0.015#TD4093.2E.TXT.r#2070009#2070011#TD4093.2E.TXT.r_13311# rmad du byung ba ni sangs rgyas rnams las gzhan la med pa'i phyir dang  mdzad par dka' ba'i phyir dang  brnyes par dka' ba'i phyir ro // / ","0.015#TD4026E.TXT.r#306484#306484#TD4026E.TXT.r_5697;TD4026E.TXT.r_5698# de yang bsam PA'I PHYIR NI SEMS KYIS snying rje ba'i phyir ro // / +sgrub pa'i phyir ni de yongs su skyob pa'i phyir ro // / ","0.017#TD4071E.TXT.r#399571#399571#TD4071E.TXT.r_73# de'i bsam pa ni rnam par dbye ba gang yang rung ba zhig bstan pas don rtogs pa'i phyir de  las gzhan pa'i sgrub pa med pa'i phyir ji ltar na de lus kyis byas pa'i las zhes bya zhes smos nas lus kyi zhes bya ste / / ","0.017#TD4050E.TXT.r#1097899#1097902#TD4050E.TXT.r_98;TD4050E.TXT.r_99# don ni rjes su brjod pa'o // / +mngon du phyogs pa'i phyir dang  yang dang yang du ston pa'i phyir dang   zil gyis gnon pa'i phyir dang  mngon par rtogs pa'i phyir chos mngon par rig par bya ste / / ","0.017#TD4093.1E.TXT.r#883639#883640#TD4093.1E.TXT.r_18768# 'dzam bu'i gling kho na las ngan pa kun du spyod pa'i phyir dang  mtshon char 'gyur pa'i las yod pa'i phyir dang  dbang po rnon po yod pa'i phyir ro zhes zer ro // / ","0.017#TD4038.2E.TXT.r#3102081#3102081#TD4038.2E.TXT.r_1556# de bzhin gshegs pa'i yon tan mi zad pa rnams ni mu stegs can rnams kyis mi bskyod pa'i phyir dang  bdud rnams kyis mi bskyod pa'i phyir dang  chom rkun pa dag gis mi 'phrogs pa'i phyir dang  nye du rnams kyis mi bskyod pa'i phyir dang  rgyal po rnams  kyis mi bskyod pa'i phyir dang  'byung ba chen pos dang  chu dang  me dang  rlung gis mi bskyod pa'i phyir dang  tshe zad pa las yongs su nyams par mi 'gyur ba'i phyir de bzhin gshegs pa'i yon tan de dag mi zad pa ste / / ","0.017#TD4090.1E.TXT.r#1617894#1617894#TD4090.1E.TXT.r_3905# las las skyes pa'i phyir la las kyang rnam par smin pa'i rang bzhin ma yin pa'i phyir ro // / ","0.017#TD4093.2E.TXT.r#1997543#1997543#TD4093.2E.TXT.r_2800;TD4093.2E.TXT.r_2801# mdo dang 'gal ba'i phyir te / / +sems pa'i las dang bsam pa'i las zhes gsungs pa'i phyir ro // / ","0.017#TD4093.2E.TXT.r#2005170#2005171#TD4093.2E.TXT.r_3979# yongs su rdzogs par byed pa'i las mang ba'i phyir dang  'phen par byed pa'i  las 'dra ba'i phyir ro // / ","0.018#TD4093.1E.TXT.r#804497#804497#TD4093.1E.TXT.r_6304# mngal nas skye ba dang  sgo nga las skye ba'i sems can du gyur pa'i phyir ro //// / ","0.018#TD4093.1E.TXT.r#884942#884942#TD4093.1E.TXT.r_18959;TD4093.1E.TXT.r_18960# bsam gtan gsum pa'i sa pa dag ni dga' ba med pa'i bde bas te / / +dga' ba las 'dod chags dang bral ba'i phyir ro // / ","0.019#TD4069E.TXT.r#644002#644002#TD4069E.TXT.r_3010;TD4069E.TXT.r_3011# nyon mongs par 'gyur ba'i las spangs pa'i phyir  te ; / +nyon mongs par 'gyur ba'i las ni lus dang ngag gis nyes par spyad pa ste / / ","0.019#TD4092.2E.TXT.r#2594581#2594581#TD4092.2E.TXT.r_7367;TD4092.2E.TXT.r_7368# ris mthun pa btang ba kho nas bor ba'i phyir ro // / +'chi ba'i srid pa la gnas pas de dag 'dor bas srid pa bar ma la gnas pas bor zin te / / ","0.020#TD4001E.TXT.r#1976860#1976865#TD4001E.TXT.r_605;TD4001E.TXT.r_606;TD4001E.TXT.r_607# de kho na med pa bzhin du  byed pas na ma rig pa'o // / +mngon par 'du byed pa'i phyir zhes bya ba ni yang srid pa mngon par 'du byed pa'i phyir ro // / ","0.020#TD4053E.TXT.r#2972402#2972402#TD4053E.TXT.r_1059# len pa ni yang srid pa len pa'i phyir sems  can rnams kyi rnam par shes pa nye bar len pa dang bcas par byed ces bya ba ni sems can dmyal ba la sogs pa'i 'gro ba bye brag can du yang srid pa'i nying mtshams sbyor bar 'gyur ba'i las kyi bag chags nges par byed pa'i phyir ro // / ","0.021#TD4016.1E.TXT.r#508642#508642#TD4016.1E.TXT.r_7753;TD4016.1E.TXT.r_7754# 'di ltar 'phags pa rnams yang dag pa ji lta ba bzhin du  dngos po rnams sgyu ma la sogs pa lta bur yang dag pa'i ngo bo nyid med par khong du chud pa'i phyir ro // / +bden pa mthong ba'i mtshan ma'i 'ching ba rnams las rnam par ma grol ba yin gyi // / ","0.021#TD4039E.TXT.r#1859492#1859492#TD4039E.TXT.r_5165;TD4039E.TXT.r_5166# tshe 'di la bde bar gnas pa las  yongs su nyams par mi 'gyur bar bya ba'i phyir / / +rtag tu gus par sbyor bar byed pas ni rtogs pa'i chos can gyi rtag 'grus can zhes bya'o // / ","0.021#TD4039E.TXT.r#1827196#1827197#TD4039E.TXT.r_1502;TD4039E.TXT.r_1503;TD4039E.TXT.r_1504# de rnams spangs pas ni nyon mongs pa gang gis dmigs pa'i dmigs par byed pa de chad par 'gyur gyi gang la dmigs pa de ni ma yin te / / +de phyin ci ma log par yang dag par rtogs pa'i phyir ro // / +yang srid pa skye bar byed pa'i las dang nyon mongs pas yongs su zin  PA'I YANG SRID PAR SKYE ba'i sa bon rnam par shes pa ni gnas der mi gnas par rig par bya'o // / ","0.021#TD4034.2E.TXT.r#2887360#2887360#TD4034.2E.TXT.r_2738# sems dang sems las byung ba rnams la ni  mi dmigs pa dang rtog pa yod na lus dang ngag gnyis ni 'byung ba chen po bzhi las gyur pa gzugs kyi phung por gtogs pas rtog pa med pa'i phyir mi dmigs pa'i byams par gzhag go // / ","0.021#TD4047E.TXT.r#1193515#1193515#TD4047E.TXT.r_10317;TD4047E.TXT.r_10318# gnod pa byas pa las byung ba dang zhes bya ba la rang  nyid ldang ba'i phyir kun nas slong ba'o / / +kha zas mi mthun pa zos pas khams ma snyoms pa las byung ba ni nad sna tshogs kyi sdug bsngal zhes bya ba'i don to // / ","0.021#TD4034.1E.TXT.r#904072#904073#TD4034.1E.TXT.r_1805;TD4034.1E.TXT.r_1806# nyon thos kyi rigs kyis ni bdag gi don tsam sgrub par zad kyi gzhan gyi don mi sgrub pas dge ba don chen po'i rgyu mi byed la byang chub sems dpa'i rigs kyis ni bdag dang gzhan gnyi ga'i don sgrub pas dge ba'i don chen po'i rgyu byed pa'i phyir ro // / ","0.021#TD4053E.TXT.r#2972381#2972382#TD4053E.TXT.r_1058;TD4053E.TXT.r_1059# len pa'i rkyen kyang yin no zhes bya ba ni ro myang bar 'dod pa'i sgo nas 'dod pa la sogs ba la 'dun pa dang 'dod chags 'byung ba'i phyir ro // / +len pa ni yang srid pa len pa'i phyir sems  can rnams kyi rnam par shes pa nye bar len pa dang bcas par byed ces bya ba ni sems can dmyal ba la sogs pa'i 'gro ba bye brag can du yang srid pa'i nying mtshams sbyor bar 'gyur ba'i las kyi bag chags nges par byed pa'i phyir ro // / ","0.021#TD4062E.TXT.r#2964570#2964570#TD4062E.TXT.r_544;TD4062E.TXT.r_545;TD4062E.TXT.r_546# dbyangs kyi khyad par gang gis don go bar byed pa'o // / +las ni de slong bar byed pa'i sems pa'o // / +yi ge'i rnam pa yin pa'i phyir ram / / ","0.023#TD4016.1E.TXT.r#501960#501961#TD4016.1E.TXT.r_6907# chos rnams ni rang gi ngo bo nyid kyis rkyen mang po las skye ba'i phyir dang  skad cig mar 'dzin pa'i phyir dang  byed pa med pa'i phyir dang  kun rdzob kyi rig pa'i  dbang du byas nas mig la sogs pa ni gtso bor gyur ba'i phyir / / ","0.025#TD4092.1E.TXT.r#1412691#1412691#TD4092.1E.TXT.r_1431# gnyis mngon par grub pa las mdzes par bya ba'i phyir dang  gsal bar bya ba'i phyir 'byung ngo zhes bshad pa yin no // / ","0.027#TD4090.2E.TXT.r#1068319#1068321#TD4090.2E.TXT.r_2577;TD4090.2E.TXT.r_2578;TD4090.2E.TXT.r_2579# 'dus byas kyi mtshan nyid gsum dang 'bral ba'i phyir zhi ba'o // / +dge ba'i phyir gya nom pa'o // / ","0.027#TD4091E.TXT.r#748073#748075#TD4091E.TXT.r_9622;TD4091E.TXT.r_9623;TD4091E.TXT.r_9624# phung po 'jig pa'i phyir 'gog pa'o // / +me gsum zhi bar byed pa'i phyir zhi ba'o // / ","0.028#TD4042E.TXT.r#1680468#1680468#TD4042E.TXT.r_510# sla ba'i phyir dang  don dang ldan pa'i phyir dang  mngon par mtho ba dang nges par legs pa'i 'bras bu dang ldan pa'i phyir dang  thog mar dge ba'i phyir dang  bar du dge ba'i phyir dang  tha mar dge ba'i phyir dang  mod la 'bras bu  bde ba'i phyir dang  phyi ma la 'bras bu bde ba'i phyir ro // / ","0.028#TD4069E.TXT.r#652599#652599#TD4069E.TXT.r_4237;TD4069E.TXT.r_4238;TD4069E.TXT.r_4239# zag pa med pa'i shes rab thob pa'i phyir ro // / +nyon mongs pa spangs pa dang  de kho na rtogs pa'i phyir ro // / +nyon mongs pa spangs pa'i phyir nges par 'byung ba'i shes rab can no // / ","0.029#TD4034.2E.TXT.r#2914260#2914262#TD4034.2E.TXT.r_6518# de la gtan  tshigs ni mi rigs pa'i phyir dang  rgyu las byung ba'i phyir dang  'gal ba'i phyir dang  bdag nyid mi gnas pa'i phyir dang  dngos po med pa'i phyir dang  mtshan nyid nges pa'i phyir dang  rjes su 'brang ba'i phyir dang  'gog pa'i phyir dang  'gyur ba nye bar dmigs  pa'i phyir dang  rgyu dang 'bras bu'i phyir dang  zin pa'i phyir dang  dbang gi phyir dang  dag pa'i phyir dang  sems can gyi rjes su 'brang ba'i phyir dang  phyi nang gi 'dus byas rnams mi rtag go zhes dam bca' ste / / ","0.029#TD4090.1E.TXT.r#1667686#1667687#TD4090.1E.TXT.r_11702;TD4090.1E.TXT.r_11703# dmigs pa la gcig tu phyin ci  log pa'i phyir dang  nges par rtog pa'i phyir dang  sgro 'dogs pa'i phyir te / / ","0.029#TD4060E.TXT.r#681432#681432#TD4060E.TXT.r_144# rnam par grol bar byed ces bya ba dang  dge slong dag 'di la mig gi dbang po bsrung ba'i phyir dang  sba ba'i phyir dang  dul bar gnas par bya ba'i phyir rab tu zhugs pa yin no     // / ","0.029#TD4061E.TXT.r#1523068#1523068#TD4061E.TXT.r_1404# de la dran pa dang  ting nge 'dzin dang  shes rab la brten nas go rims bzhin du mig gi dbang po bsrung ba'i phyir dang  sba ba'i phyir dang  dul bar gnas par bya ba'i phyir rab tu zhugs pa yin no // / ","0.029#TD4069E.TXT.r#638770#638770#TD4069E.TXT.r_2272# dge slong dag 'di la mig gi dbang po bsrung ba'i phyir dang  sba ba'i  phyir dang  dul bar gnas par bya ba'i phyir rab tu zhugs pa yin no // / "
"553446","TD4027E.TXT.r_141"," sbyor ba'i phyir ni len pa rnams kyis rnam par shes pa skye ba dang mthun par 'dod pa la sogs pa rnams su'o // / "
"553455","TD4027E.TXT.r_142"," mngon du'i phyir ni  las byas pa'i rnam par smin pa srid pas yang srid par 'byin par mngon par byed pa'i phyir ro // / ","0.0#TD4029E.TXT.r#2148998#2149001#TD4029E.TXT.r_3719;TD4029E.TXT.r_3720;TD4029E.TXT.r_3721# re zhig ji ltar 'jig rten pa dag sbyin pa sbyin pa ltar gal te byang chub sems dpa' yang de kho na ltar sbyin par byed na ni dbang phyug dang  mtho ris dang  gzugs bzang po la sogs pas     // / +kyang bdag gir byas pa'i phyir 'khor bar ltung bas te / / ","0.0#TD4060E.TXT.r#683401#683404#TD4060E.TXT.r_393# las kyis sems can rnams la mthon po dang   dma' ba dang  ngan pa dang  gya nem pa 'ged par byed pa dag yin no zhes bya ba dang  'dod pa rnams la yid 'byung bar bya ba'i phyir dang  'dod chags dang bral bar bya ba'i phyir dang  'gog par bya ba'i phyir bsgrub pa yin no zhes bya ba dang  gzugs rnams la yid  'byung bar bya ba'i phyir dang  'dod chags dang bral bar bya ba'i phyir dang  'gog par 'gyur bar bya ba'i phyir bsgrub pa yin no zhes bya ba dang  chags pa zad par bya ba'i phyir dang  sred pa zad par bya ba'i phyir dang  sdug bsngal zad par bya ba'i phyir dang  bsags pa zad par bya ba'i phyir bsgrub pa     // / ","0.0#TD4088E.TXT.r#2841685#2841686#TD4088E.TXT.r_3286;TD4088E.TXT.r_3287# LAS DE'I RNAM PAR SMIN PA mngon du 'byung zhing 'ong bar 'gyur ba'i phyir ro // / +gzugs dang ldan pa'i las KYI RNAM PAR SMIN PA MA myong bar 'dod pa dang ldan pa'i las dang  gzugs med pa dang ldan pa'i las KYI RNAM PAR SMIN PA nyams su myong  bar 'gyur ba yod dam zhe na / / ","0.0#TD4090.2E.TXT.r#1069435#1069437#TD4090.2E.TXT.r_2786;TD4090.2E.TXT.r_2787# lam gyi bden ba ni sngon 'jig rten pa'i lam gyis mngon par ma rtogs pa'i phyir dang  zad par mngon par ma rtogs pa'i phyir ro // / ","0.0#TD4092.1E.TXT.r#1411148#1411150#TD4092.1E.TXT.r_1239;TD4092.1E.TXT.r_1240# 'du byed kyi phung por yang de ltar mdo ji lta ba bzhin du bya na der bsdur mi rung ba'i phyir ma 'dus pas / / +phung por ma 'dus pa'i phyir sdug bsngal dang kun 'byung ba'i bden pa nyid du mi 'byung bas yongs su shes pa dang spang bar yang mi    'gyur te / / ","0.011#TD4088E.TXT.r#2837614#2837615#TD4088E.TXT.r_2589;TD4088E.TXT.r_2590;TD4088E.TXT.r_2591# 'di ni las yongs su shes la / / +rnam par smin pa yang zad pas kyang zad par mi 'gyur ba'o // / +zag pa dang bcas pa'i las kyi zag pa dang bcas pa'i 'bras bu yod dam zhe na / / ","0.012#TD4016.2E.TXT.r#2369598#2369598#TD4016.2E.TXT.r_6984;TD4016.2E.TXT.r_6985# 'dun pa dang  'dod chags 'dul ba dang  'dun pa dang 'dod chags spong ba dang  'dun pa dang 'dod chags las  yang dag par 'das pa'o zhes gsungs pa'i phyir ro // / +de ltar ma 'ongs pa'i sdug bsngal mngon par grub par byed pa'i nyon mongs pa dang bral na sdug bsngal las kyang rnam par grol bar 'gyur ro zhes bya ba'i don rab tu bstan pa'i phyir 'ching ba dang bral ba dang  rab tu rnam par grol ba zhes bya ba gsungs  so ; / / ","0.012#TD4044E.TXT.r#389171#389171#TD4044E.TXT.r_1369;TD4044E.TXT.r_1370# las byas pa rnams dang     byas pa bsags pa rnams kyi las ni nges par 'bras BUR RNAM PAR SMIN PA ZHES bya ba'o // / +lha'i rna ba'i mkhyen pa'i bsdus pa'i don ni / / ","0.013#TD4092.1E.TXT.r#1470989#1470990#TD4092.1E.TXT.r_8287# bgegs mi byed pa'i dngos por  gnas pas 'byung ba'i phyir bdag po'i 'bras bu yang yin no // / ","0.013#TD4097E.TXT.r#2224023#2224023#TD4097E.TXT.r_2858;TD4097E.TXT.r_2859# de las byung ba ni rnam par  smin pa las byung ba'o // / +de nyid dpyad pa'i phyir 'du shes med pa'i snyoms par 'jug PA'I RNAM PAR SMIN PA'I 'bras bu zhes bya ba smos so // / ","0.013#TD4088E.TXT.r#2837338#2837338#TD4088E.TXT.r_2547;TD4088E.TXT.r_2548# zad pas zad par mi 'gyur ba'o // / +las RNAM PAR SMIN PA ZAD PAS zad par 'gyur la / / ","0.013#TD4088E.TXT.r#2837452#2837456#TD4088E.TXT.r_2561;TD4088E.TXT.r_2562;TD4088E.TXT.r_2563# 'di ni las rtsa ba yang zad LA RNAM PAR SMIN PA YANG zad pas kyang zad par mi 'gyur ba'o // / +las yongs su shes pas zad par 'gyur la / / ","0.013#TD4088E.TXT.r#2837529#2837529#TD4088E.TXT.r_2574;TD4088E.TXT.r_2575# RNAM PAR SMIN PA ZAD PAS zad    par mi 'gyur ba'o // / +las RNAM PAR SMIN PA ZAD PAS zad par 'gyur la / / ","0.013#TD4088E.TXT.r#2837554#2837555#TD4088E.TXT.r_2579;TD4088E.TXT.r_2580# 'di  ni LAS RNAM PAR SMIN PA ZAD PAS zad par 'gyur la / / +yongs su shes pas zad par mi 'gyur ba'o // / ","0.013#TD4088E.TXT.r#2836645#2836645#TD4088E.TXT.r_2456# de gal te mthong bas spang bar bya ba'i kun nas dkris pas kun nas dkris par gyur na ni mthong bas spang bar bya ba'i kun nas dkris pas kun nas dkris PAS RNAM PAR SMIN PA nyams su myong ngo // / ","0.013#TD4088E.TXT.r#2837031#2837031#TD4088E.TXT.r_2505# de gal te  mthong bas spang bar bya ba'i kun nas dkris pas kun nas dkris par gyur na ni mthong bas spang bar bya ba'i kun nas dkris pas kun nas dkris PAS RNAM PAR SMIN PA nyams su myong ngo // / ","0.013#TD4088E.TXT.r#2837044#2837044#TD4088E.TXT.r_2506# de ste bsgom pas spang bar bya ba'i kun nas dkris pas kun nas dkris par gyur na ni bsgom pas  spang bar bya ba'i kun nas dkris pas kun nas dkris PAS RNAM PAR SMIN PA nyams su myong ngo // / ","0.013#TD4088E.TXT.r#2837118#2837118#TD4088E.TXT.r_2515;TD4088E.TXT.r_2516# de gal te mthong bas spang bar bya ba'i kun nas dkris pas kun nas dkris par gyur na ni / / +mthong bas spang bar bya ba'i kun nas dkris pas kun nas dkris PAS RNAM PAR SMIN PA nyams su myong ngo // / ","0.013#TD4088E.TXT.r#2837226#2837226#TD4088E.TXT.r_2526# de ste bsgom pas spang bar bya ba'i kun nas dkris pas kun nas dkris par gyur na ni bsgom pas spang bar bya ba'i kun nas dkris pas kun nas dkris PAS RNAM PAR SMIN PA nyams su myong ngo // / ","0.014#TD4042E.TXT.r#1683457#1683459#TD4042E.TXT.r_829;TD4042E.TXT.r_830# nyan thos rnams la bya ba dang bya ba ma yin pa'i bsgrub pa rjes su ston par mdzad par ston pa'o // / +yang skye bo mang po'i sdug bsngal nye bar zhi bar bya ba'i phyir ston par mdzad pas ston pa'o // / ","0.014#TD4095E.TXT.r#71748#71750#TD4095E.TXT.r_1748;TD4095E.TXT.r_1749;TD4095E.TXT.r_1750;TD4095E.TXT.r_1751# rnam smin 'bras bu tha ma'i yin // / +rnam par smin pa'i rgyu ni rnam par smin pa'i 'bras bu'o // / +bdag po'i 'bras bu dang po'i yin // / ","0.014#TD4047E.TXT.r#1205406#1205406#TD4047E.TXT.r_11963# sred pa'i kun nas nyon mongs pa ni 'dod pa rnams kyis bag med pa'i dbang du gyur pas 'dod PA'I RNAM PAR SMIN PA MED PA'I PHYIR RO // / ","0.015#TD4095E.TXT.r#71166#71166#TD4095E.TXT.r_1619;TD4095E.TXT.r_1620;TD4095E.TXT.r_1621# sems can du ston pa'am / / +sems can ma yin par ston pa'am / / +rnam par smin pa las skyes pa'am / / ","0.015#TD4093.2E.TXT.r#2013389#2013389#TD4093.2E.TXT.r_5171# gang gi phyir zag pa dang bcas pa la dmigs pa'i phyir thams cad sdug bsngal mthong bas spang bar  bya bar 'gyur ba'am / / ","0.015#TD4054E.TXT.r#1013809#1013811#TD4054E.TXT.r_3846;TD4054E.TXT.r_3847;TD4054E.TXT.r_3848# bsams bzhin du srid par     // / +skye ba'i phyir ro // / +sems can du ma'i rgyud la yod pa'i sdug bsngal gsal bar nye bar GNAS PA'I PHYIR RO // / ","0.016#TD4088E.TXT.r#2841576#2841577#TD4088E.TXT.r_3266;TD4088E.TXT.r_3267# LAS DE'I RNAM PAR SMIN PA mngon du 'byung zhing 'ong bar 'gyur ba'i phyir ro // / +sdug bsngal myong bar 'gyur ba'i las KYI RNAM PAR SMIN PA nyams su myong bar bde ba myong bar 'gyur ba dang  sdug bsngal yang ma yin / / ","0.016#TD4093.2E.TXT.r#2006649#2006649#TD4093.2E.TXT.r_4200;TD4093.2E.TXT.r_4201# de bzhin zhes bya ba ni DE'I RNAM PAR SMIN PA'I sa las 'da' ba'i phyir ro // / +mthong ba'i chos la myong bar 'gyur ba'i las dang  myong bar 'gyur bas ma NGES PA'I RNAM PAR SMIN PA MA nges pa ma gtogs so // / ","0.017#TD4093.2E.TXT.r#2083862#2083862#TD4093.2E.TXT.r_15353# rgyu'i stobs kyi ni zhes bya ba rgyas par 'byung ba ni gzugs kyi khams su skyes pa la lan grangs gzhan ma myong bar 'gyur ba'i las KYI RNAM PAR SMIN PA NYE bar GNAS PA'I PHYIR RO // / ","0.017#TD4091E.TXT.r#740853#740854#TD4091E.TXT.r_8356;TD4091E.TXT.r_8357# dang po kho nar chos kyi de kho na nyid shes pa'i phyir chos shes pa'o // / +de dang mthun pa'i phyir gong ma'i sdug bsngal la sogs pa la dmigs pa ni rjes su shes pa ste de  bzhin du rtogs pa'i phyir ro // / ","0.017#TD4097E.TXT.r#2224117#2224117#TD4097E.TXT.r_2872# de ni 'di skad du 'dod pa'i khams SU RNAM PAR SMIN PA 'phen pa'i LAS YOD PA'I PHYIR RO zhes bya bar bstan par 'gyur ro // / ","0.017#TD4069E.TXT.r#655072#655073#TD4069E.TXT.r_4577;TD4069E.TXT.r_4578# ji skad du gsungs pa'i mtshan nyid kyi 'dod pa rnams dang  gzugs de rnams la yid 'byung bar bya ba'i phyir ni sdug bsngal nyid     // / +yongs su shes par bya ba'i phyir sgrub pa yin no // / ","0.018#TD4053E.TXT.r#2977155#2977160#TD4053E.TXT.r_1726;TD4053E.TXT.r_1727# su mya ngan las 'das par nges PAR BYA BA'I PHYIR RO // / +bsrabs pa'ang ma yin la ma bsrabs pa'ang ma yin pa ni 'dod pa na spyod pa'i sdug bsngal de nyid 'jig rten pas 'dod chags dang bral bar bya ba'i phyir dge ba'i rtsa ba bskyed pa rnams kyi ste / / ","0.018#TD4088E.TXT.r#2836993#2836993#TD4088E.TXT.r_2499;TD4088E.TXT.r_2500# de ste lung du ma bstan pa'i sems dang ldan par gyur na ni lung du ma bstan pa'i  sems KYIS RNAM PAR SMIN PA nyams su myong ngo // / +mthong bas spang bar bya ba'i las KYI RNAM PAR SMIN PA mthong bas spang bar bya ba'i kun nas dkris pas kun nas dkris pa dang  bsgom pas spang bar bya ba'i kun nas dkris pas kun nas dkris pas nyams su myong ba yod dam zhe na / / ","0.018#TD4088E.TXT.r#2837054#2837054#TD4088E.TXT.r_2506;TD4088E.TXT.r_2507# de ste bsgom pas spang bar bya ba'i kun nas dkris pas kun nas dkris par gyur na ni bsgom pas  spang bar bya ba'i kun nas dkris pas kun nas dkris PAS RNAM PAR SMIN PA nyams su myong ngo // / +bsgom pas spang bar bya ba'i las KYI RNAM PAR SMIN PA mthong bas spang bar bya ba'i kun nas dkris pas kun nas dkris pa dang  bsgom pas spang bar bya ba'i kun nas dkris pas kun nas  dkris pas nyams su myong ba yod dam zhe na / / ","0.018#TD4088E.TXT.r#2837144#2837144#TD4088E.TXT.r_2517;TD4088E.TXT.r_2518# de ste bsgom bas spang bar bya ba'i kun nas dkris pas kun nas  dkris par gyur na ni bsgom pas spang bar bya ba'i kun nas dkris pas kun nas dkris PAS RNAM PAR SMIN PA nyams su myong ngo // / +mthong bas spang bar bya ba'i las KYI RNAM PAR SMIN PA mthong bas spang bar bya ba'i kun nas dkris pas kun nas dkris pa dang  bsgom pas spang bar bya ba'i kun nas    dkris pas kun nas dkris pas nyams su myong ba yod dam zhe na / / ","0.018#TD4047E.TXT.r#1168918#1168918#TD4047E.TXT.r_7039;TD4047E.TXT.r_7040# phongs pa spong bar byed pa dang  sdug bsngal bzlog pa'i rgyur gyur pa dang  rgyas PAR BYED PA'I PHYIR RO // / +sdug bsngal rnam pa drug spang bar bya ba'i phyir sbyin pa rnam pa  brgyad du rig par bya'o / / ","0.018#TD4093.2E.TXT.r#2032403#2032404#TD4093.2E.TXT.r_7884# de ni sdug bsngal kho na yin bzhin du byis pa rnams kyis bde bar gzung bas yang dag pa'i shes pa la sbyar bar bya ba'i phyir sdug bsngal du blta bar bya'o zhes gsungs so // / ","0.018#TD4061E.TXT.r#1529172#1529175#TD4061E.TXT.r_2285# chags pa zad par bya ba'i phyir dang  srid pa zad par bya ba'i phyir dang  sdug bsngal zad par bya ba'i phyir dang  phung po zad par bya ba'i phyir sgrub pa yin no zhes bya ba ni mdo sde'i dum bu'o // / ","0.019#TD4061E.TXT.r#1544968#1544969#TD4061E.TXT.r_4386# 'chal ba'i tshul khrims kyi dri ma med par bya ba'i phyir dang  'dod pa'i yongs su gdung ba rab tu zhi bar bya ba'i phyir dang  yang 'byung ba'i  sred pa zhi bar bya ba'i phyir dang  bsam gtan dang  mngon par shes pa dang  tshad med pa dang  rnam par thar pa la sogs pa yon tan khyad par can gyi dga' ba'i rtsed mo nyams su myong bar bya ba'i phyir dang  tshu rol gyi 'gram 'jig tshogs nas pha rol gyi 'gram mya ngan las 'das par 'gro bar  BYA BA'I PHYIR RO // / ","0.020#TD4092.1E.TXT.r#1451849#1451849#TD4092.1E.TXT.r_6108;TD4092.1E.TXT.r_6109# skyes nas myong bar 'gyur pa'i phyir ro // / +gnyi gang myong bar 'gyur ba ni 'gog pa'i snyoms par 'jug pa'o // / ","0.020#TD4034.2E.TXT.r#2883409#2883409#TD4034.2E.TXT.r_2151# byang chub sems dpa' sbyin pas sems can la phan btags na  byang chub sems dpa' ji ltar dge ba byed du bcug pa de bzhin du sems can dge ba byed pas ni sbyin pa'i las ni sems can snod du gyur par byed pa'o // / ","0.021#TD4032E.TXT.r#1926427#1926427#TD4032E.TXT.r_1062# mngon du'i phyir zhes bya ba 'dir yang gzhan gyis yongs su dri bar bya ba'i skabs su bdag nyid KYIS LAS BYAS PA'I RNAM PAR SMIN PAS YANG SRID PAR 'BYIN PAR MNGON PAR BYED PA'I PHYIR RO ZHES bya ba smos te / / ","0.021#TD4035E.TXT.r#155443#155443#TD4035E.TXT.r_5305;TD4035E.TXT.r_5306# las zad par 'gyur ba ni las gsum char yang spong ba'i gnyen por gyur pa'i phyir / / +'jig rten las 'das pa'i zag pa med pa'i las gang yin pa'o // / ","0.021#TD4010E.TXT.r#2274602#2274602#TD4010E.TXT.r_5625# gzhan gyi sems shes pa dang  gcad pa dang  dbug pa'i rang bzhin nges par rtogs pa'i phyir sems can ma lus pa'i  don yang dag par rdzogs par byed pa'o zhes bya ba'o // / ","0.021#TD4092.1E.TXT.r#1421609#1421609#TD4092.1E.TXT.r_2507# rgyu mthun pa ni rgyu dang 'dra ba yin pa'i PHYIR RNAM PAR SMIN PA LAS skyes pa dang rgyas pa las byung ba dag kyang rgyu mthun pa las byung  ba ni yin mod kyi de DAG RNAM PAR SMIN PA LAS skyes pa dang rgyas pa las byung ba nyid kho nas bsdus pa'i phyir rgyu mthun pa las byung ba'o zhes bya bar mi bzung ba'i phyir ni gang dag rang gi rgyu dang 'dra ba yang yin LA RNAM PAR SMIN PA LAS skyes pa dang rgyas pa las byung ba yang ma yin pa de dag rgyu mthun    pa las byung ba yin par 'dod do // / ","0.021#TD4093.1E.TXT.r#852117#852117#TD4093.1E.TXT.r_14023;TD4093.1E.TXT.r_14024# kun du 'gro ba'i  rgyu gnyis pa ni mjug thogs su rgyu mthun pa'i 'bras bu yod pas 'bras bu skye bzhin pa la bya ba byed par 'gyur na / / +rnam par smin pa'i rgyu la ni mjug thogs su rnam par smin pa'i 'bras bu med pas de ji ltar skye bzhin pa la bya ba byed par rung zhe na / / ","0.022#TD4037E.TXT.r#1332812#1332812#TD4037E.TXT.r_2327# sems can rnams kyis gces par bya ba bskyed pa'i phyir dang  bzo dang las kyi gnas shes pa sbyin pa'i phan 'dogs pas BSDUS PA'I PHYIR RO // / ","0.022#TD4037E.TXT.r#1355046#1355046#TD4037E.TXT.r_5217;TD4037E.TXT.r_5218# gnyid dang  rgod pa dang  'gyod pa dang  the tshom gyis kun nas dkris pa'i rkyen can gyi sdug bsngal lo // / +sdug bsngal rnam pa drug ni ngan song gi rgyu rten pa'i phyir rgyu'i sdug bsngal dang  ngan song du skyes pa'i phyir 'bras bu'i sdug bsngal dang  longs spyod las  brtsams te yongs su tshol ba'i sdug bsngal dang  bsrung ba'i sdug bsngal dang  chog mi shes pa'i sdug bsngal dang  med par 'gyur ba'i sdug bsngal te / / ","0.022#TD4054E.TXT.r#1024698#1024698#TD4054E.TXT.r_5582;TD4054E.TXT.r_5583# de dag ni sems kun nas nyon mongs pa can du 'gyur ba rnams kyi nyon mongs pa'i bsam gtan gyi sgo nas gzugs dang gzugs med pa na spyod pa'i nyon mongs pa dang  nye ba'i nyon mongs pa thams cad bsgribs pa'i lung du ma bstan par 'gyur ba'i phyir ro // / +de la  sred pas ni ro myang ba'i kun nas nyon mongs pas kun nas nyon mongs so // / ","0.022#TD4091E.TXT.r#748778#748778#TD4091E.TXT.r_9756# sdug bsngal ril gyis yongs su shes par bya ba dang  kun 'byung spang bar bya ba dang  'gog pa la mngon du bya bar mi nus  kyi lam ni zad par bsgom par mi nus par mngon par rtogs pa'i mtha' med pa'i phyir de la mngon par rtogs pa'i rjes las thob pa'i thob pa mi skye'o // / ","0.023#TD4095E.TXT.r#94535#94535#TD4095E.TXT.r_6138# de ni chos kyi mchog dang nye ba'i phyir 'dod pa na spyod pa'i sdug bsngal la dmigs pa kho na'o // / ","0.023#TD4046E.TXT.r#2204712#2204712#TD4046E.TXT.r_1177;TD4046E.TXT.r_1178# kun nas nyon mongs pa ni tshe 'di nyid la kun nas nyon mongs pa'i phyir zhing 'grub par 'gyur ba'i phyir ro // / +yang 'byung bas ni tshe phyi ma la yang 'byung ba'i sdug bsngal 'grub pa'i phyir ro // / ","0.026#TD4039E.TXT.r#1841127#1841127#TD4039E.TXT.r_3178# gnas der so so'i bde ba myong bar 'gyur ba kho na'i las dang  so so'i sdug bsngal myong ba kho nar 'gyur ba'i las kyi 'bras BU'I RNAM PAR SMIN PA nyams su myong bar 'gyur bas na de'i phyir gnas tha dad pa zhes  pa'o ; / / ","0.028#TD4092.2E.TXT.r#2597388#2597388#TD4092.2E.TXT.r_7721;TD4092.2E.TXT.r_7722# sngon gzhan gyi dring gis te gzhan gyi lung gis don gyi rjes su 'brang ba'i phyir te / / +sdug bsngal la sogs pa'i bden pa rtogs pa'i phyir ro zhes bya ba'i tha tshig go // / ","0.029#TD4047E.TXT.r#1194133#1194133#TD4047E.TXT.r_10395# 'phags pa nyan thos skyo ba dang ldan pa'i sems kyis legs par bsgoms pas bden pa mthong ba'i gang zag dag gi rgyud kyi sdug bsngal zhi bar bya ba'i phyir thar par 'jug pa de bas ni byang chub sems dpa' sems can gyi rgyud kyi sdug bsngal  bsal bar bya ba'i phyir dang  rnam par grol bar bya ba'i phyir myur du 'jug par byed do // / "
"553467","TD4027E.TXT.r_143"," sdug bsngal phyir ni skye ba dang  rga shis 'gro ba rnams nyon mongs par byed pa'o // / ","0.026#TD4032E.TXT.r#1926463#1926464#TD4032E.TXT.r_1065;TD4032E.TXT.r_1066# de ltar na srid pas mngon du'i phyir 'gro BA NYON MONGS PAR BYED DO // / +sdug BSNGAL PHYIR NI SKYE BA DANG RGA SHIS 'GRO BA NYON  MONGS PAR BYED PA'O ZHES bya ba ni / / "
"553475","TD4027E.TXT.r_144;TD4027E.TXT.r_145;TD4027E.TXT.r_146"," de yang / / +rnam gsum rnam gnyis kyang nyon mongs // / +rnam bdun yang dag min rtog las // / ","0.0#TD4027E.TXT.r#553383#553388#TD4027E.TXT.r_129;TD4027E.TXT.r_130;TD4027E.TXT.r_131# sdug bsngal phyir ni 'gro nyon mongs // / +rnam GSUM RNAM GNYIS KYANG NYON MONGS // / ","0.0#TD4032E.TXT.r#1926626#1926629#TD4032E.TXT.r_1080;TD4032E.TXT.r_1081;TD4032E.TXT.r_1082# de'i phyir 'di skad ces rten cing 'brel bar 'byung ba yan lag bcu gnyis pa / / +de yang rnam GSUM RNAM GNYIS KYANG // / "
"553487","TD4027E.TXT.r_147"," rnam gsum ni nyon  mongs pa'i kun nas nyon mongs pa dang  las kyi kun nas nyon mongs pa dang  skye ba'i kun nas nyon mongs pa'o // / ","0.0#TD4027E.TXT.r#560303#560306#TD4027E.TXT.r_1465;TD4027E.TXT.r_1466;TD4027E.TXT.r_1467# KUN NAS NYON MONGS PA RNAM pa gsum ste / / +nyon MONGS PA'I KUN NAS NYON MONGS PA DANG  LAS KYI KUN NAS NYON MONGS PA DANG  SKYE BA'I KUN NAS NYON MONGS PA'O // / ","0.008#TD4035E.TXT.r#162371#162371#TD4035E.TXT.r_6544# NYON MONGS PA'I KUN NAS NYON MONGS PA DANG  LAS KYI KUN NAS NYON MONGS PA DANG   SKYE BA'I KUN NAS NYON MONGS PA 'DI spang ba'i phyir / / ","0.008#TD4039E.TXT.r#1861622#1861623#TD4039E.TXT.r_5397;TD4039E.TXT.r_5398# 'di gnyis NI KUN NAS NYON MONGS PA YIN te / / +las DANG SRED PA'I KUN NAS NYON MONGS PA DANG  LTA BA'I KUN NAS NYON MONGS PA'O // / ","0.010#TD4016.2E.TXT.r#2366076#2366079#TD4016.2E.TXT.r_6496;TD4016.2E.TXT.r_6497# khams gsum pa'i nyon mongs pa rnam pa gsum po / / +nyon MONGS PA'I KUN NAS NYON MONGS PA DANG  LAS KYI KUN NAS NYON MONGS PA DANG  SKYE BA'I KUN NAS NYON MONGS PA GANG YIN pa'o zhes bya ba ni dgu PA KUN NAS NYON MONGS PA'I DON RNAM par bshad pa'o // / ","0.015#TD4039E.TXT.r#1828037#1828037#TD4039E.TXT.r_1621;TD4039E.TXT.r_1622# LTA BA'I KUN NAS NYON MONGS PA DANG  SRID PA'I KUN NAS NYON MONGS PA DANG  RTOG PA'I KUN NAS NYON MONGS PA'O // / +de la LTA BA'I KUN NAS NYON MONGS PA DANG BRAL bas ni yang srid  par skye bar sems gyo ba med do // / ","0.015#TD4069E.TXT.r#626501#626504#TD4069E.TXT.r_575;TD4069E.TXT.r_576# nyon mongs PA NYID KUN NAS NYON MONGS PA MA yin pas nyon mongs  PA'I KUN NAS NYON MONGS PA STE / / ","0.018#TD4035E.TXT.r#150398#150399#TD4035E.TXT.r_4473;TD4035E.TXT.r_4474# NYON MONGS PA'I KUN NAS  nyon mongs pa dang  LAS KYI KUN NAS NYON MONGS PA DANG  SKYE BA'I KUN NAS NYON MONGS PA'O // / ","0.019#TD4027E.TXT.r#553387#553387#TD4027E.TXT.r_130;TD4027E.TXT.r_131# rnam gsum rnam gnyis kyang nyon mongs // / +rnam bdun yang dag min rtog las // / ","0.019#TD4069E.TXT.r#626492#626492#TD4069E.TXT.r_574# ji ltar ma rig pa la sogs pa srid pa'i yan lag bcu gnyis pa'i tshig rnams kyi MDOR KUN NAS NYON MONGS PA  GSUM PO NYON MONGS PA DANG  las dang  SKYE BA'I KUN NAS NYON MONGS PA RNAMS yongs su bstan PA NI NYON MONGS PA'I KUN NAS NYON MONGS PA DANG  LAS KYI KUN NAS NYON MONGS PA DANG  SKYE BA'I KUN NAS NYON MONGS PA STE / / ","0.028#TD4093.1E.TXT.r#768358#768359#TD4093.1E.TXT.r_243;TD4093.1E.TXT.r_244# gal te nyan thos la sogs pa rnams thams cad LA NYON MONGS PA CAN gyi rmongs pa dang gtan  nas bral bar mi 'gyur na NI NYON MONGS PA DANG  las dang  SKYE BA'I KUN NAS NYON MONGS PA DANG BRAL bar mi 'gyur te / / +nyon mongs pa dang  las dang  SKYE BA'I KUN NAS NYON MONGS PA RNAMS ni nyon mongs ba can gyi rmongs pa'i rgyu can yin pa'i phyir ro // / "
"553496","TD4027E.TXT.r_148;TD4027E.TXT.r_149"," de la nyon mongs pa'i kun nas nyon mongs pa ni ma rig pa dang sred pa dang len pa rnams so // / +las kyi kun nas nyon mongs pa ni 'du byed rnams dang sred pa'o // / ","0.027#TD4027E.TXT.r#560306#560306#TD4027E.TXT.r_1466;TD4027E.TXT.r_1467# NYON MONGS PA'I KUN NAS NYON MONGS PA DANG  las KYI KUN NAS NYON MONGS PA DANG  skye BA'I KUN NAS NYON MONGS PA'O // / +de LA NYON MONGS PA'I KUN NAS NYON MONGS PA YANG rnam pa gsum ste / / "
"553506","TD4027E.TXT.r_150;TD4027E.TXT.r_151"," skye ba'i kun nas  nyon mongs pa ni yan lag lhag ma rnams so // / +kun nas nyon mongs pa rnam pa gnyis ni rgyu'i kun nas nyon mongs pa dang  'bras bu'i kun nas nyon mongs pa'o // / "
"553518","TD4027E.TXT.r_152;TD4027E.TXT.r_153"," de la rgyu'i kun nas nyon mongs pa ni nyon mongs pa dang  las kyi ngo bo nyid kyi yan lag rnams kyis so // / +'bras bu'i kun nas nyon mongs     // / ","0.018#TD4032E.TXT.r#1926802#1926802#TD4032E.TXT.r_1111;TD4032E.TXT.r_1112# KUN NAS NYON MONGS PA RNAM gnyis ni rgyu mi dbye bar byas pa ste / / +rgyu'i KUN NAS NYON MONGS PA NI NYON MONGS PA DANG  LAS KYI NGO BO NYID KYI  YAN LAG RNAMS KYIS SO // / ","0.029#TD4047E.TXT.r#1183118#1183118#TD4047E.TXT.r_8904# skyes shing skyes pa'i nyon mongs pa rnams yongs su shes par rab tu sbyor BAS KUN NAS NYON MONGS  pa med ba'i brtson 'grus zhes bya ba ste / / "
"553529","TD4027E.TXT.r_154;TD4027E.TXT.r_155"," pa ni yan lag lhag ma rnams kyis so // / +kun nas nyon mongs pa rnam pa bdun ni rgyu rnam pa bdun te / / "
"553537","TD4027E.TXT.r_156;TD4027E.TXT.r_157;TD4027E.TXT.r_158"," ma rig pa ni phyin ci log gi rgyu'o // / +'du byed rnams ni 'bebs pa'i rgyu'o // / +rnam par shes pa ni nye bar khrid pa'i rgyu'o // / "
"553547","TD4027E.TXT.r_159;TD4027E.TXT.r_160"," ming dang gzugs dang skye mched drug ni kun 'dzin pa'i rgyu'o // / +reg pa dang tshor ba ni nye bar spyod pa'i rgyu'o // / ","0.019#TD4032E.TXT.r#1926900#1926900#TD4032E.TXT.r_1125;TD4032E.TXT.r_1126# rnam par SHES PA NI NYE BAR KHRID PA'I RGYU'O zhes bya ba la 'dir shi 'phos nas skye ba'i yul du nye bar khrid  pa'i phyir ro // / +MING DANG GZUGS DANG SKYE MCHED DRUG NI KUN 'DZIN PA'I RGYU'O ZHES bya ba ni khrid par gyur pa ming dang gzugs dang  SKYE MCHED DRUG GI RIS mthun pa kun 'dzin pa'i phyir ro // / "
"553556","TD4027E.TXT.r_161;TD4027E.TXT.r_162"," sred pa dang  len pa dang  srid pa ni sdud pa'i rgyu'o // / +skye ba dang  rga shi ni skyo ba'i rgyu'o // / ","0.0#TD4032E.TXT.r#1927036#1927040#TD4032E.TXT.r_1142;TD4032E.TXT.r_1143;TD4032E.TXT.r_1144# yang na sred  pa'i dbang gis 'dun pa'i 'dod chags dang mthun pa gang yang rung ba'i las kyi bag chags mngon du byed pa'i phyir / / +sred PA DANG LEN PA DANG SRID PA NI BSDUS PA'I RGYU'O // / ","0.017#TD4094.1E.TXT.r#1750732#1750732#TD4094.1E.TXT.r_6666;TD4094.1E.TXT.r_6667# gzhan du na skye ba'i rkyen med par rga shi 'byung bar mi 'gyur ro // / +skye ba dang  srid pa dang  len pa dang  sred pa dang  tshor ba dang  reg pa dang   skye mched drug dang  ming dang gzugs dang  rnam par shes pa dang  ma rig pa yod na 'du byed 'byung bar 'gyur gyi / / ","0.017#TD4094.1E.TXT.r#1750767#1750768#TD4094.1E.TXT.r_6670;TD4094.1E.TXT.r_6671# gzhan du na skye ba 'gags pas rga shi  'gag par mi 'gyur ro // / +skye BA DANG SRID PA DANG  len pa dang  sred pa dang  tshor ba dang  reg pa dang  skye mched drug dang  ming dang gzugs dang  rnam par shes pa dang  ma rig pa 'gags pas 'du byed 'gag par 'gyur gyi / / ","0.019#TD4032E.TXT.r#1959137#1959138#TD4032E.TXT.r_6152# de bzhin du ming dang  gzugs dang  skye mched drug dang  reg pa dang  tshor ba dang  sred pa dang  len pa dang  srid pa dang  skye ba dang  rga shi la gzung ba'o 'dzin  pa'o zhes bya ba yang mtha'o // / "
"553565","TD4027E.TXT.r_163"," kun nas nyon mongs pa 'di dag thams cad ni yang dag pa ma yin pa kun tu rtog pa las 'byung ba'o // / "
"553573","TD4027E.TXT.r_164"," yang dag pa ma yin pa kun tu rtog pa'i don bsdus  pa ni yod pa'i mtshan nyid dang  med pa'i mtshan nyid dang  rang gi mtshan nyid dang  bsdu ba'i mtshan nyid dang  med pa'i mtshan nyid la 'jug pa'i thabs kyi mtshan nyid dang  rab tu dbye ba'i mtshan nyid dang  rnam grangs kyi mtshan nyid dang  'jug pa'i mtshan nyid dang  kun nas nyon mongs pa'i  mtshan nyid de / / ","0.008#TD4054E.TXT.r#1047900#1047902#TD4054E.TXT.r_8978# gang du de KHO NA'I MTSHAN NYID LAs brtsams nas yongs su SHES PA'I MTSHAN NYID DANG  spong ba'i mtshan nyid dang  mngon sum DU BYED PA'I MTSHAN NYID DANG  BSGOM PA'I MTSHAN NYID DANG  de KHO NA'I MTSHAN NYID LA  sogs pa 'di dag gi rnam PA RAB TU DBYE BA'I MTSHAN NYID DANG  gnas dang gnas pa 'brel ba'i mtshan nyid dang  yongs su shes pa la sogs pa'i bar du gcod PA'I CHOS KYI MTSHAN NYID DANG  rjes su MTHUN PA'I MTSHAN NYID DANG  yongs su ma shes pa la sogs pa dang  yongs su shes pa la sogs  pa la nyes dmigs dang phan yon gyi mtshan nyid kyis don ston pa ste // / ","0.010#TD4054E.TXT.r#1012075#1012079#TD4054E.TXT.r_3542;TD4054E.TXT.r_3543# MED PA'I MTSHAN NYID DANG  rnam PAR 'JIG PA'I MTSHAN NYID  dang ; / +'gyur ba'i mtshan nyid dang  BRAL BA'I MTSHAN NYID DANG  NYE BA'I MTSHAN NYID DANG  CHOS KYI MTSHAN NYID DANG  skad CIG GI MTSHAN NYID DANG  rgyun gyi mtshan nyid dang  nad la SOGS PA'I MTSHAN NYID DANG  sems sna tshogs kyi rnam par 'gyur ba'i mtshan nyid dang  longs spyod phun  sum tshogs pa RGUD PA'I MTSHAN NYID DANG  snod 'jig pa DANG CHAGS PA'I MTSHAN NYID DO // / ","0.011#TD4035E.TXT.r#188172#188176#TD4035E.TXT.r_10804# de'i 'og ma bzhi pa ni DUS KYI MTSHAN NYID DANG  SKYE BA'I MTSHAN NYID DANG  RGA BA'I MTSHAN NYID DANG  GNAS PA'I MTSHAN NYID DANG  mi RTAG PA'I MTSHAN NYID DANG  sdug BSNGAL BA'I MTSHAN NYID DANG  stong pa nyid kyi mtshan nyid dang  bdag  MED PA'I MTSHAN NYID DANG  dngos po'i mtshan nyid dang  rnam par shes par BYA BA'I MTSHAN NYID DANG  gzung ba'i mtshan nyid dang  sdug pa la SOGS PA'I MTSHAN NYID DANG  phan 'dogs pa la SOGS PA'I MTSHAN NYID DANG  tha snyad kyi mtshan ma'i mtshan nyid dang  log    bar bsgrub pa la sogs pa'i mtshan ma'i mtshan nyid dang  de lta bu DANG MTHUN PA'I MTSHAN NYID DE / / ","0.012#TD4038.1E.TXT.r#2716209#2716213#TD4038.1E.TXT.r_1862# RANG GI MTSHAN NYID DANG  spyi'i mtshan nyid dang  gnas dang  gnas par 'brel pa'i mtshan nyid dang  nye bar SPYOD PA'I MTSHAN NYID DANG  LAS KYI MTSHAN NYID DANG  cha phra BA'I MTSHAN NYID DO // / ","0.012#TD4051E.TXT.r#1248873#1248873#TD4051E.TXT.r_2297# 'khor ba dang mya ngan las 'das PA'I MTSHAN NYID DANG MI mthun pa'i  mtshan nyid mi gnas pa'i mya ngan las 'das pa'i phyir ro // / ","0.016#TD4009E.TXT.r#336494#336495#TD4009E.TXT.r_2178# spyi'i mtshan nyid mi shes pa dang  RANG GI MTSHAN NYID DANG  KUN NAS NYON MONGS PA'I MTSHAN NYID DANG  rnam par byang ba'i mtshan nyid mi shes pa'i gnyen pos nang du rang gi sems la brtags pa'i phyir rab tu 'bad pa'o // / ","0.016#TD4016.1E.TXT.r#489111#489117#TD4016.1E.TXT.r_5250;TD4016.1E.TXT.r_5251# gnas GYUR PA'I MTSHAN NYID DANG  chos dkar po'i mtshan nyid dang  gnyis SU MED PA'I MTSHAN NYID DANG   brtags pa'i mtshan nyid dang  bsam gyis mi khyab PA'I MTSHAN NYID DO // / ","0.016#TD4035E.TXT.r#188184#188187#TD4035E.TXT.r_10804# de'i 'og ma bzhi pa ni DUS KYI MTSHAN NYID DANG  SKYE BA'I MTSHAN NYID DANG  RGA BA'I MTSHAN NYID DANG  GNAS PA'I MTSHAN NYID DANG  mi RTAG PA'I MTSHAN NYID DANG  sdug BSNGAL BA'I MTSHAN NYID DANG  stong pa nyid kyi mtshan nyid dang  bdag  MED PA'I MTSHAN NYID DANG  dngos po'i mtshan nyid dang  rnam par shes par BYA BA'I MTSHAN NYID DANG  gzung ba'i mtshan nyid dang  sdug pa la SOGS PA'I MTSHAN NYID DANG  phan 'dogs pa la SOGS PA'I MTSHAN NYID DANG  tha snyad kyi mtshan ma'i mtshan nyid dang  log    bar bsgrub pa la sogs pa'i mtshan ma'i mtshan nyid dang  de lta bu DANG MTHUN PA'I MTSHAN NYID DE / / ","0.016#TD4049E.TXT.r#2296822#2296827#TD4049E.TXT.r_1680# GANG MED PA'I MTSHAN NYID DANG  rnam PAR 'JIG PA'I MTSHAN NYID dang  'gyur ba'i mtshan nyid dang  'bral ba'i mtshan nyid dang  NYE BA'I MTSHAN NYID DANG  chos nyid kyi mtshan nyid dang  skad cig gi    mtshan nyid dang  rgyun gyi mtshan nyid dang  nang la SOGS PA'I MTSHAN NYID DANG  sems sna tshogs kyi rnam par 'byung ba'i mtshan nyid dang  longs spyod phun sum tshogs pa RGUD PA'I MTSHAN NYID DANG  snod 'jig pa DANG 'CHAGS PA'I MTSHAN NYID DO // / ","0.019#TD4027E.TXT.r#554244#554248#TD4027E.TXT.r_298;TD4027E.TXT.r_299;TD4027E.TXT.r_300# de yang stong pa nyid KYI DON BSDUS PA NI mtshan nyid rnam par gzhag par rig par bya'o // / +de la mtshan nyid ni dngos PO MED PA'I MTSHAN NYID DANG  dngos PO'I MTSHAN NYID DO // / ","0.019#TD4032E.TXT.r#1930227#1930227#TD4032E.TXT.r_1686;TD4032E.TXT.r_1687# de la mtshan nyid ni  dngos PO MED PA'I MTSHAN NYID DANG DNGOS po'i mtshan nyid do zhes bya ba la gnyis kyi dngos po med do zhes bshad pas dngos PO MED PA'I MTSHAN NYID DO // / +dngos po med pa'i dngos po zhes bshad pas dngos PO'I MTSHAN NYID DO // / ","0.020#TD4079E.TXT.r#758637#758637#TD4079E.TXT.r_325;TD4079E.TXT.r_326# gzung ba'i mtshan nyid dang  'dzin PA'I MTSHAN NYID DE / / +gzung ba DANG 'DZIN PA'I MTSHAN NYID du snang ba'i phyir ro // / ","0.020#TD4047E.TXT.r#1164477#1164477#TD4047E.TXT.r_6357# ji ltar rigs PAR RANG GI MTSHAN NYID DANG  RAB TU DBYE BA'I MTSHAN NYID DANG  rgyu'i mtshan nyid dang  'bras BU'I MTSHAN NYID DO // / ","0.020#TD4032E.TXT.r#1930212#1930213#TD4032E.TXT.r_1685;TD4032E.TXT.r_1686# mtshan nyid dang rnam par gzhag par rig par bya'o // / +de la mtshan nyid ni  dngos PO MED PA'I MTSHAN NYID DANG DNGOS po'i mtshan nyid do zhes bya ba la gnyis kyi dngos po med do zhes bshad pas dngos PO MED PA'I MTSHAN NYID DO // / ","0.021#TD4054E.TXT.r#1012042#1012042#TD4054E.TXT.r_3532;TD4054E.TXT.r_3533# sdug bsngal spyi'i mtshan nyid gang / / +mi RTAG PA'I MTSHAN NYID DANG  sdug BSNGAL BA'I MTSHAN NYID DANG  STONG PA'I MTSHAN NYID DANG  BDAG MED PA'I MTSHAN NYID DO // / ","0.021#TD4038.1E.TXT.r#2713228#2713228#TD4038.1E.TXT.r_1448# gzugs kyang mtshan nyid    gsum ste snang ba DANG BCAS PA'I MTSHAN NYID DANG  yul GNOD PA'I MTSHAN NYID DANG  rgyas par GNAS PA'I MTSHAN NYID DE / / ","0.021#TD4038.2E.TXT.r#3115774#3115777#TD4038.2E.TXT.r_3468# de KHO NA'I MTSHAN NYID DANG  yongs su SHES PA'I MTSHAN NYID DANG  spang ba'i mtshan nyid dang  mngon DU BYA BA'I MTSHAN NYID DANG  BSGOM PA'I MTSHAN NYID DANG  de KHO NA'I MTSHAN NYID LA sogs pa de dag nyid kyi rnam PA RAB TU DBYE BA'I MTSHAN  nyid dang  gnas dang gnas par 'brel pa'i mtshan nyid dang  yongs su shes pa la sogs pa'i bar du gcod PA'I CHOS KYI MTSHAN NYID DANG  rjes su mthun PA'I CHOS KYI MTSHAN NYID DANG  yongs su mi shes pa la sogs pa dang  yongs su shes pa la  sogs pa'i nyes dmigs dang  phan yon gyi mtshan nyid do // / ","0.022#TD4049E.TXT.r#2302280#2302282#TD4049E.TXT.r_2573;TD4049E.TXT.r_2574# 'gog pa'i mtshan nyid dang  ZHI BA'I MTSHAN NYID DANG  gya NOM PA'I MTSHAN NYID DANG   nges par 'byung BA'I MTSHAN NYID DO // / ","0.022#TD4054E.TXT.r#1023410#1023412#TD4054E.TXT.r_5393;TD4054E.TXT.r_5394# 'gog pa'i mtshan nyid dang  ZHI BA'I MTSHAN NYID DANG  gya NOM PA'I MTSHAN NYID DANG  nges par 'byung BA'I MTSHAN NYID DO // / ","0.023#TD4049E.TXT.r#2304823#2304824#TD4049E.TXT.r_3012# LAM GYI MTSHAN NYID DANG  RIGS PA'I MTSHAN NYID DANG  sgrub PA'I MTSHAN NYID DANG NGES par 'byin PA'I MTSHAN NYID DO // / ","0.023#TD4054E.TXT.r#1029726#1029727#TD4054E.TXT.r_6391# LAM GYI MTSHAN NYID DANG  RIGS PA'I MTSHAN NYID DANG  sgrub pa'i mtshan nyid dang  nges par 'byin PA'I MTSHAN NYID DO // / "
"553597","TD4027E.TXT.r_165;TD4027E.TXT.r_166"," mtshan nyid rnam pa dgu bstan pa'o // / +de ltar yang dag pa ma yin pa kun tu rtog pa brjod nas / / "
"553607","TD4027E.TXT.r_167;TD4027E.TXT.r_168;TD4027E.TXT.r_169"," stong pa nyid ji ltar shes par bya ba de ston te / / +stong pa nyid ni mdor bsdu na // / +mtshan nyid dang ni rnam grangs dang / / "
"553615","TD4027E.TXT.r_170;TD4027E.TXT.r_171;TD4027E.TXT.r_172;TD4027E.TXT.r_173"," de yi don dang dbye ba dang / / +sgrub pa dag ste shes par bya // / +zhes bya  ba'o // / +mtshan nyid ji ltar shes par bya zhe na / / ","0.0#TD4021E.TXT.r#2100579#2100580#TD4021E.TXT.r_55;TD4021E.TXT.r_57;TD4021E.TXT.r_58;TD4021E.TXT.r_56;TD4021E.TXT.r_59# stong     // / +mtshan nyid dang ni rnam grangs dang / / +de YI DON DANG DBYE BA DANG / / "
"553627","TD4027E.TXT.r_174;TD4027E.TXT.r_175"," gnyis dngos med dang dngos med pa'i // / +dngos po stong pa'i mtshan nyid do // / ","0.0#TD4021E.TXT.r#2100586#2100590#TD4021E.TXT.r_59;TD4021E.TXT.r_60;TD4021E.TXT.r_61# sgrub pa dag ste shes par bya // / +gnyis DNGOS MED DANG DNGOS MED PA'I // / ","0.013#TD4085E.TXT.r#1511734#1511734#TD4085E.TXT.r_92;TD4085E.TXT.r_93# GNYIS DNGOS MED PA'I DNGOS MED PA // / +dngos PO STONG PA'I MTSHAN NYID DO // / ","0.014#TD4032E.TXT.r#1930219#1930222#TD4032E.TXT.r_1686# de la mtshan nyid ni  dngos po med pa'i mtshan nyid dang dngos po'i mtshan nyid do zhes bya ba la gnyis kyi dngos po med do zhes bshad pas dngos po med PA'I MTSHAN NYID DO // / ","0.016#TD4032E.TXT.r#1927657#1927657#TD4032E.TXT.r_1256;TD4032E.TXT.r_1257# GNYIS DNGOS MED PA'I DNGOS po yi // / +dngos PO STONG PA'I MTSHAN NYID DO / / "
"553635","TD4027E.TXT.r_176"," gnyis po gzung ba dang 'dzin pa'i dngos po med pa dang  dngos po med pa de'i dngos po ni stong pa nyid kyi mtshan nyid do // / "
"553643","TD4027E.TXT.r_177;TD4027E.TXT.r_178"," de ltar dngos po med pa'i ngo bo nyid ni stong pa nyid  kyi mtshan nyid du yongs su bstan pa yin no // / +dngos po med pa'i ngo bo nyid gang yin pa de ni / / ","0.020#TD4032E.TXT.r#1928160#1928160#TD4032E.TXT.r_1339# de ltar stong pa nyid 'di ni med pa'i mtshan nyid DANG DNGOS PO MED PA'I NGO BO NYID KYI MTSHAN NYID DANG  mi gnyis    pa'i mtshan nyid de / / ","0.028#TD4027E.TXT.r#554134#554135#TD4027E.TXT.r_280;TD4027E.TXT.r_281# za ba la sogs pa stong pa nyid ces gong du ji skad smos pa DER STONG PA NYID KYI MTSHAN NYID bstan pa'i phyir / / +dngos po med pa stong pa nyid dang  DNGOS PO MED PA'I NGO BO NYID STONG pa nyid dang   stong pa nyid rnam pa gnyis tha mar rnam par 'jog ste / / ","0.029#TD4032E.TXT.r#1929733#1929733#TD4032E.TXT.r_1595;TD4032E.TXT.r_1596# stong pa nyid kyi rang bzhin NI DNGOS PO MED PA'I NGO BO NYID DANG  DNGOS PO MED PA'I DNGOS PO'I NGO BO NYID DO // / +stong pa nyid kyi rang bzhin rab tu bstan pa yang sgro 'dogs pa dang skur pa 'debs pa'i gnyen por lta ba thams cad las  nges par 'byung ba'i bdag nyid du shes par byed pa'i phyir ro // / "
"553652","TD4027E.TXT.r_179;TD4027E.TXT.r_180;TD4027E.TXT.r_181"," yod pa ma yin med pa'ang min // / +ji ltar yod pa ma yin zhe na / / +'di ltar gnyis po de'i dngos po med pa'o // / ","0.0#TD4032E.TXT.r#1927886#1927888#TD4032E.TXT.r_1294;TD4032E.TXT.r_1295;TD4032E.TXT.r_1296# 'di LTAR DE'I DNGOS PO MED PA'I NGO bo nyid gang yin pa de ni / / +yod PA MA YIN MED PA'ANG MIN // / "
"553661","TD4027E.TXT.r_182;TD4027E.TXT.r_183"," ji ltar med pa yang ma yin zhe na / / +'di ltar gnyis po'i dngos po med pa'i dngos po de ni stong  pa nyid kyi mtshan nyid de / / ","0.029#TD4032E.TXT.r#1927910#1927910#TD4032E.TXT.r_1300;TD4032E.TXT.r_1301# ji ltar med PA'ANG MA YIN ZHE NA / / +'di LTAR GNYIS PO'I DNGOS PO MED PA'I DNGOS PO STE / / "
"553671","TD4027E.TXT.r_184"," de bas na yang dag pa ma yin pa kun tu rtog pa dang  tha dad gcig pa'i mtshan nyid min // / ","0.017#TD4032E.TXT.r#1927984#1927988#TD4032E.TXT.r_1314;TD4032E.TXT.r_1315# de LTA BAS NA YANG DAG PA MA YIN PA KUN RTOG PA DANG THA DAD GCIG PA'I MTSHAN NYID MIN / / ","0.024#TD4032E.TXT.r#1930249#1930251#TD4032E.TXT.r_1689;TD4032E.TXT.r_1690# dngos po yod pa dang dngos po med pa las rnam par grol ba'i mtshan nyid dang  de nyid dang gzhan la rnam par grol ba'i mtshan nyid de 'di ni stong pa nyid kyi mtshan nyid do // / +de BAS NA YANG DAG PA MA YIN PA KUN RTOG PA DANG THA DAD GCIG PA'I MTSHAN NYID MIN ZHES bshad do // / "
"553680","TD4027E.TXT.r_185;TD4027E.TXT.r_186"," tha dad pa yin na ni chos la chos nyid gzhan ma yin pa mi rung ste / / +mi rtag pa nyid dang  sdug bsngal ba nyid bzhin no // / "
"553689","TD4027E.TXT.r_187;TD4027E.TXT.r_188"," gcig pa yin du zin na ni rnam par dag pa'i dmigs pa dang  spyi'i    mtshan nyid du mi 'gyur te / / +des de nyid dang gzhan las rnam par grol ba stong pa nyid kyi mtshan nyid yongs su bstan pa yin no // / "
"553702","TD4027E.TXT.r_189;TD4027E.TXT.r_190;TD4027E.TXT.r_191"," rnam grangs ji ltar rig par bya zhe na / / +stong pa nyid ni mdor bsdu na // / +de bzhin nyid dang yang dag mtha' // / "
"553710","TD4027E.TXT.r_192;TD4027E.TXT.r_193;TD4027E.TXT.r_194"," mtshan ma med dang don dam dang / / +chos kyi dbyings ni rnam grangs so // / +rnam  grangs kyi don ji ltar shes par bya zhe na / / ","0.0#TD4016.2E.TXT.r#2367662#2367666#TD4016.2E.TXT.r_6719;TD4016.2E.TXT.r_6720;TD4016.2E.TXT.r_6721;TD4016.2E.TXT.r_6722;TD4016.2E.TXT.r_6723# de'i phyir de nyid kyi tshig le'ur byas pa las / / +stong pa nyid kyi mdor bsdu na // / +de bzhin nyid dang yang dag mtha' // / +mtshan MA MED DANG DON DAM DANG / / ","0.0#TD4032E.TXT.r#1928180#1928181#TD4032E.TXT.r_1343;TD4032E.TXT.r_1344;TD4032E.TXT.r_1345# stong pa nyid ni mdor bsdu na // / +de bzhin nyid dang yang dag mtha' // / +mtshan MA MED DANG DON DAM DANG / / ","5.960#TD4021E.TXT.r#2100603#2100607#TD4021E.TXT.r_63;TD4021E.TXT.r_64;TD4021E.TXT.r_65;TD4021E.TXT.r_66;TD4021E.TXT.r_67# tha dad gcig pa'i  mtshan nyid min // / +stong pa nyid ni mdor bsdu na // / +de bzhin nyid dang yang dag mtha' // / +mtshan MA MED DANG DON DAM DANG / / ","0.012#TD4085E.TXT.r#1511878#1511878#TD4085E.TXT.r_121;TD4085E.TXT.r_122;TD4085E.TXT.r_123# yang de'i ming GI RNAM GRANGS NI // / +de bzhin nyid dang yang dag mtha' // / +mtshan MA MED DANG DON DAM DANG / / "
"553723","TD4027E.TXT.r_195;TD4027E.TXT.r_196;TD4027E.TXT.r_197"," gzhan min phyin ci log ma yin // / +de 'gog 'phags pa'i spyod yul dang / / +'phags pa'i chos kyi rgyu yi phyir // / ","0.0#TD4021E.TXT.r#2100614#2100622#TD4021E.TXT.r_68;TD4021E.TXT.r_69;TD4021E.TXT.r_70;TD4021E.TXT.r_71# GZHAN MIN PHYIN CI LOG MA YIN // / +de 'gog 'phags PA'I SPYOD YUL DANG / / ","0.0#TD4032E.TXT.r#1928255#1928258#TD4032E.TXT.r_1357;TD4032E.TXT.r_1358;TD4032E.TXT.r_1359# de 'gag 'phags PA'I SPYOD YUL DANG / / +'phags PA'I CHOS KYI RGYU YI PHYIR // / "
"553734","TD4027E.TXT.r_198;TD4027E.TXT.r_199"," rnam grangs don de go rims bzhin // / +gzhan ma yin pa'i phyir de bzhin nyid de / / ","2.384#TD4021E.TXT.r#2100620#2100622#TD4021E.TXT.r_69;TD4021E.TXT.r_70;TD4021E.TXT.r_71# de 'gog 'phags pa'i spyod yul dang / / +'phags pa'i chos kyi rgyu yi  phyir ; / / +rnam GRANGS DON TE GO RIMS BZHIN // / ","2.384#TD4032E.TXT.r#1928257#1928258#TD4032E.TXT.r_1357;TD4032E.TXT.r_1358;TD4032E.TXT.r_1359# de 'gag 'phags pa'i spyod yul dang / / +'phags pa'i chos kyi rgyu yi phyir // / +rnam GRANGS DON DE GO RIMS BZHIN // / "
"553742","TD4027E.TXT.r_200;TD4027E.TXT.r_201"," rtag tu de bzhin pa'i phyir ro // / +phyin ci log ma yin pa'i phyir yang dag pa'i  mtha' ste / / "
"553750","TD4027E.TXT.r_202;TD4027E.TXT.r_203"," phyin ci log gi gzhi ma yin pa'i phyir ro // / +mtshan ma 'gog pa'i phyir mtshan ma med pa ste / / "
"553758","TD4027E.TXT.r_204;TD4027E.TXT.r_205"," mtshan ma thams cad med pa'i phyir ro // / +'phags pa'i ye shes kyi spyod yul yin pas don dam pa ste / / ","0.012#TD4032E.TXT.r#1928379#1928382#TD4032E.TXT.r_1380;TD4032E.TXT.r_1381;TD4032E.TXT.r_1382# MTSHAN MA THAMS CAD MED PA'I PHYIR mtshan ma med pa ste / / +mtshan ma med pa nyid mtshan ma med pa'o // / +'phags PA'I YE SHES KYI SPYOD YUL YIN PAS DON DAM PA STE ZHES  bya ba la / / ","0.029#TD4029E.TXT.r#2133862#2133862#TD4029E.TXT.r_1771;TD4029E.TXT.r_1772# brjod pa dang de las gzhan pa la ltos  pa'am dbang po'i spyod yul gang yin pa de ni kun rdzob kyi bden pa'o // / +don dam pa'i bden pa ni rnam par mi rtog PA'I YE SHES KYI SPYOD YUL LO // / "
"553767","TD4027E.TXT.r_206;TD4027E.TXT.r_207"," ye shes dam pa'i yul yin pa'i phyir ro // / +'phags pa'i chos kyi rgyu yin pas chos kyi dbyings  te ; / ","0.012#TD4032E.TXT.r#1928414#1928417#TD4032E.TXT.r_1388;TD4032E.TXT.r_1389# de dag gi rgyu yin pas dbyings so // / +de nyid bstan pa'i phyir 'phags pa'i chos rnams ni de la dmigs pas byung ba'i phyir ro zhes bya ba smos so // / ","0.013#TD4079E.TXT.r#758939#758940#TD4079E.TXT.r_390;TD4079E.TXT.r_391;TD4079E.TXT.r_392# des na don dam pa'o // / +chos ni 'phags pa'i chos rnams so // / +de RNAMS KYI RGYU YIN PAS NA dbyings te / / ","0.029#TD4032E.TXT.r#1928395#1928395#TD4032E.TXT.r_1384;TD4032E.TXT.r_1385# de'i don ni don dam pa'o // / +'phags PA'I CHOS KYI RGYU YIN PAS CHOS KYI DBYINGS TE ZHES bya ba la / / "
"553775","TD4027E.TXT.r_208;TD4027E.TXT.r_209"," 'phags pa'i chos rnams ni de la dmigs pas 'byung ba'i phyir ro // / +'dir dbyings kyi don ni rgyu'i don to // / ","0.013#TD4079E.TXT.r#758939#758940#TD4079E.TXT.r_390;TD4079E.TXT.r_391;TD4079E.TXT.r_392# des na don dam pa'o // / +chos ni 'phags PA'I CHOS RNAMS SO // / +de rnams kyi rgyu yin pas na dbyings te / / ","0.029#TD4032E.TXT.r#1928395#1928395#TD4032E.TXT.r_1384;TD4032E.TXT.r_1385# de'i don ni don dam pa'o // / +'phags pa'i chos kyi rgyu yin pas chos kyi dbyings te zhes bya ba la / / "
"553786","TD4027E.TXT.r_210;TD4027E.TXT.r_211"," stong pa nyid kyi rab tu dbye ba ji ltar shes par bya zhe na / / +kun nas nyon mongs rnam par dag / / "
"553797","TD4027E.TXT.r_212;TD4027E.TXT.r_213;TD4027E.TXT.r_214;TD4027E.TXT.r_215;TD4027E.TXT.r_216"," ces bya ba ste / / +de'i rab tu dbye ba ste // / +gang gi tshe kun nas nyon mongs pa la / / +gang gi tshe rnam par dag ce na / / +de ni dri bcas dri ma med // / "
"553808","TD4027E.TXT.r_217;TD4027E.TXT.r_218"," gang gi tshe dri ma dang bcas par de'i tshe kun nas nyon mongs pa gnas pa'o // / +gang gi tshe dri ma spangs pa de'i tshe rnam par dag pa'o // / "
"553821","TD4027E.TXT.r_219"," gal te dri ma dang bcas par gyur la dri ma med par yang 'gyur na 'gyur ba'i chos can yin pas ji ltar mi rtag par mi 'gyur zhe na / / ","0.016#TD4032E.TXT.r#1928624#1928625#TD4032E.TXT.r_1422# de'i phyir 'gyur BA'I CHOS CAN YIN PAS JI LTAR MI RTAG PAR MI 'GYUR ZHE NA ZHES bya ba la sogs pa smos so // / ","0.026#TD4028E.TXT.r#1966249#1966253#TD4028E.TXT.r_501;TD4028E.TXT.r_502# gal te gnas yongs su gyur pa na gzhan du 'gyur bas na  gnas yongs su gyur pa'i rnam PAR 'GYUR BA'I CHOS CAN du ji LTAR MI 'GYUR ZHE NA / / "
"553834","TD4027E.TXT.r_220;TD4027E.TXT.r_221;TD4027E.TXT.r_222"," de ni 'di  ltar ; / +chu khams gser dang nam mkha' rnams // / +dag pa bzhin du dag par 'dod // / ","0.0#TD4032E.TXT.r#1928653#1928655#TD4032E.TXT.r_1425;TD4032E.TXT.r_1426;TD4032E.TXT.r_1427# glo bur gyi dri ma dang bral pa'i phyir 'di ltar / / +chu KHAMS GSER DANG NAM MKHA' RNAMS // / +dag PA BZHIN DU DAG PAR 'DOD / / ","0.0#TD4079E.TXT.r#759018#759019#TD4079E.TXT.r_406;TD4079E.TXT.r_407;TD4079E.TXT.r_408# kun nas nyon mongs  rnam par dag / / +chu KHAMS GSER DANG NAM MKHA' RNAMS // / +dag PA BZHIN DU DAG PAR 'DOD // / ","0.015#TD4085E.TXT.r#1511942#1511944#TD4085E.TXT.r_137;TD4085E.TXT.r_138;TD4085E.TXT.r_139# kun nas nyon mongs rnam par dag // / +chu KHAMS GSER DANG NAM MKHA' bzhin // / ","0.021#TD4018E.TXT.r#3070816#3070816#TD4018E.TXT.r_8680;TD4018E.TXT.r_8681# chu KHAMS GSER DANG NAM MKHA' RNAMS // / +dag PA BZHIN DU DAG PA'O // / ","0.027#TD4021E.TXT.r#2100637#2100637#TD4021E.TXT.r_73;TD4021E.TXT.r_74;TD4021E.TXT.r_75# de ni dri bcas dri ma med // / +chu KHAMS GSER DANG NAM MKHA' RNAMS // / +dag PA BZHIN DU DAG PAR 'DOD // / "
"553844","TD4027E.TXT.r_223;TD4027E.TXT.r_224"," glo bur gyi dri ma dang bral ba la bya'i de'i ngo bo nyid gzhan du 'gyur ba ni ma yin no // / +gzhan yang rab tu dbye ba ni stong pa nyid rnam pa bcu drug po 'di lta ste / / "
"553855","TD4027E.TXT.r_225"," nang stong pa nyid dang  phyi stong pa nyid dang  phyi nang stong pa nyid dang  chen po  stong pa nyid dang  stong pa nyid stong pa nyid dang  don dam pa stong pa nyid dang  'dus byas stong pa nyid dang  'dus ma byas stong pa nyid dang  mtha' las 'das pa stong pa nyid dang  thog ma dang tha ma med pa stong pa nyid dang  dor ba med pa stong pa nyid dang  rang bzhin stong pa nyid dang  chos thams cad stong pa nyid     // / ","0.0#TD4016.2E.TXT.r#2374724#2374734#TD4016.2E.TXT.r_7594;TD4016.2E.TXT.r_7595# gzhan yang rab 'byor byang chub sems dpa' sems dpa' chen po rnams kyi theg pa chen po'i mtshan nyid ni 'di  lta ste / / +NANG STONG PA NYID DANG  PHYI STONG PA NYID DANG  PHYI NANG STONG PA NYID DANG  STONG PA NYID STONG PA NYID DANG  CHEN PO STONG PA NYID DANG  DON DAM PA STONG PA NYID DANG  'dus BYAS STONG PA NYID DANG  'dus MA BYAS STONG PA NYID DANG  MTHA' LAS 'DAS PA STONG PA NYID DANG  THOG MA DANG THA MA MED PA STONG  pa nyid dang  DOR BA MED PA STONG PA NYID DANG  rnam par 'gyur BA MED PA STONG PA NYID DANG  rang bzhin GYIS STONG PA NYID DANG  rang gi mtshan nyid dang spyi'i mtshan NYID STONG PA NYID DANG  CHOS THAMS CAD STONG PA NYID DANG  mi DMIGS PA STONG PA NYID DANG  dngos PO MED PA STONG PA NYID DANG  ngo bo nyid stong  pa nyid dang  dngos po med pa'i ngo BO NYID STONG PA NYID GANG YIN pa de ni byang chub sems dpa' sems dpa' chen po rnams kyi theg pa chen po'i mtshan nyid ces bya'o // / ","0.0#TD4016.2E.TXT.r#2374734#2374742#TD4016.2E.TXT.r_7595# NANG STONG PA NYID DANG  PHYI STONG PA NYID DANG  PHYI NANG STONG PA NYID DANG  STONG PA NYID STONG PA NYID DANG  CHEN PO STONG PA NYID DANG  DON DAM PA STONG PA NYID DANG  'dus BYAS STONG PA NYID DANG  'dus MA BYAS STONG PA NYID DANG  MTHA' LAS 'DAS PA STONG PA NYID DANG  THOG MA DANG THA MA MED PA STONG  pa nyid dang  DOR BA MED PA STONG PA NYID DANG  rnam par 'gyur BA MED PA STONG PA NYID DANG  rang bzhin GYIS STONG PA NYID DANG  rang gi mtshan nyid dang spyi'i mtshan NYID STONG PA NYID DANG  CHOS THAMS CAD STONG PA NYID DANG  mi DMIGS PA STONG PA NYID DANG  dngos PO MED PA STONG PA NYID DANG  ngo bo nyid stong  pa nyid dang  dngos po med pa'i ngo BO NYID STONG PA NYID GANG YIN pa de ni byang chub sems dpa' sems dpa' chen po rnams kyi theg pa chen po'i mtshan nyid ces bya'o // / ","0.0#TD4016.2E.TXT.r#2374742#2374765#TD4016.2E.TXT.r_7595# NANG STONG PA NYID DANG  PHYI STONG PA NYID DANG  PHYI NANG STONG PA NYID DANG  STONG PA NYID STONG PA NYID DANG  CHEN PO STONG PA NYID DANG  DON DAM PA STONG PA NYID DANG  'dus BYAS STONG PA NYID DANG  'dus MA BYAS STONG PA NYID DANG  MTHA' LAS 'DAS PA STONG PA NYID DANG  THOG MA DANG THA MA MED PA STONG  pa nyid dang  DOR BA MED PA STONG PA NYID DANG  rnam par 'gyur BA MED PA STONG PA NYID DANG  rang bzhin GYIS STONG PA NYID DANG  rang gi mtshan nyid dang spyi'i mtshan NYID STONG PA NYID DANG  CHOS THAMS CAD STONG PA NYID DANG  mi DMIGS PA STONG PA NYID DANG  dngos PO MED PA STONG PA NYID DANG  ngo bo nyid stong  pa nyid dang  dngos po med pa'i ngo BO NYID STONG PA NYID GANG YIN pa de ni byang chub sems dpa' sems dpa' chen po rnams kyi theg pa chen po'i mtshan nyid ces bya'o // / ","0.0#TD4016.2E.TXT.r#2378034#2378037#TD4016.2E.TXT.r_8043# de'i STONG PA NYID NI STONG PA NYID do zhes bshad pas don gyis bstan bcos dbus dang mtha' rnam par 'byed pa las gsungs pa dang mthun par snga MA'I NANG STONG PA NYID DANG  PHYI STONG PA NYID DANG  PHYI NANG STONG PA NYID DANG  chen po  stong pa nyid rnam par 'jig pa yin no // / ","0.009#TD4018E.TXT.r#3038519#3038523#TD4018E.TXT.r_4434;TD4018E.TXT.r_4435# lta ba thams cad las bral bar byed PA NI STONG PA NYID do // / +nang stong pa nyid dang  PHYI STONG PA NYID DANG  PHYI NANG STONG PA NYID LA sogs pa ste / / ","0.009#TD4016.2E.TXT.r#2377649#2377650#TD4016.2E.TXT.r_7993# RANG BZHIN STONG PA NYID DANG  dngos PO MED PA STONG BA NYID DANG  rang gi mtshan NYID STONG PA NYID DANG  dngos po med pa'i ngo BO NYID STONG PA NYID DANG  DON DAM PA STONG BA NYID DO zhes 'byung ste / / ","0.009#TD4018E.TXT.r#3061079#3061082#TD4018E.TXT.r_7419# phung por gnas pa med pa dang  rnam par mi 'jig pa med PA'I PHYIR NANG STONG PA NYID DANG  PHYI STONG PA NYID DANG  phyi NANG GI STONG PA NYID LA SOGS PA STONG PA NYID THAMS cad kyi bye brag rtogs par byed do // / ","0.011#TD4018E.TXT.r#3037109#3037111#TD4018E.TXT.r_4288;TD4018E.TXT.r_4289# ji ltar 'phags ma shes rab kyi pha rol tu phyin pa las 'byung ba / / +nang STONG PA NYID DANG PHYI STONG PA NYID DANG  phyi NANG GI STONG PA NYID ces bya ba la sogs pa ste / / ","0.011#TD4018E.TXT.r#3039738#3039740#TD4018E.TXT.r_4554# nang dang phyi'i dngos po'i phyin ci log tu sgro btags pa mtha' med pa rnam par bcad pa'i mdo'i don du mdor brjod NA NANG STONG PA NYID DANG  PHYI STONG PA NYID DANG  PHYI NANG STONG PA NYID CES bya ba la sogs pa ste / / ","0.012#TD4016.2E.TXT.r#2377975#2377979#TD4016.2E.TXT.r_8036# STONG PA NYID STONG PA NYID CES bya ba ni 'di ltar stong pa nyid 'dis snga MA'I NANG STONG PA NYID DANG  PHYI STONG PA NYID DANG  PHYI NANG STONG PA NYID RNAM pa gsum  'jig par byed PA'I PHYIR STONG PA NYID STONG PA NYID CES bya'o zhes 'byung ste / / ","0.015#TD4016.2E.TXT.r#2377268#2377270#TD4016.2E.TXT.r_7949# de NI MTHA' LAS 'DAS PA STONG PA NYID DANG  dngos PO MED PA STONG PA NYID DANG  dngos po med pa'i ngo BO NYID STONG PA NYID DANG  DON DAM PA STONG PA NYID KYIS yang dag par rnam  par sel to zhes bya ba ni gnyis pa gnyen por gyur pa'i stong pa nyid bstan pa'o // / ","0.015#TD4038.2E.TXT.r#3116349#3116351#TD4038.2E.TXT.r_3536# gang zag ba dag med pa'i mtshan ma dang  chos la bdag med pa'i mtshan ma dang  rnam par rig pa tsam gyi mtshan ma dang  don dam pa'i mtshan  ma gang yin pa de NI MTHA' LAS 'DAS PA STONG PA NYID DANG  dngos PO MED PA STONG PA NYID DANG  dngos po med pa'i ngo BO NYID STONG PA NYID DANG  DON DAM PA STONG PA NYID KYIS rnam par sel to // / ","0.017#TD4016.2E.TXT.r#2388993#2388997#TD4016.2E.TXT.r_9255;TD4016.2E.TXT.r_9256;TD4016.2E.TXT.r_9257;TD4016.2E.TXT.r_9258# PHYI STONG PA NYID NI 'di lta ste / / +phyi rol gyi skye mched drug po dag go // / +phyi NANG STONG PA NYID NI 'di lta ste / / ","0.020#TD4016.2E.TXT.r#2376094#2376095#TD4016.2E.TXT.r_7796# THOG MA DANG THA MA MED PA STONG PA NYID 'DI la NI MTHA' LAS 'DAS PA STONG PA NYID CES 'byung ste / / ","0.027#TD4016.2E.TXT.r#2375239#2375241#TD4016.2E.TXT.r_7692# rnam pa nyi shu las dor ba dang  rnam par 'gyur ba med pa ni dor BA DANG DOR BA MED PA STONG PA NYID CES gcig tu bsdus pa dang  rang gi mtshan NYID STONG PA NYID NI RANG dang spyi'i mtshan nyid ces gcig tu bsdus pas so // / ","0.028#TD4016.2E.TXT.r#2376143#2376143#TD4016.2E.TXT.r_7803# THOG MA DANG THA MA MED PA STONG PA NYID DE LAS THOG MA DANG THA MA MED PA STONG PA NYID CES 'byung ste / / "
"553888","TD4027E.TXT.r_227;TD4027E.TXT.r_228"," rang gi mtshan nyid stong pa nyid dang  dngos po med pa stong pa nyid dang  dngos po med pa'i ngo bo nyid stong pa nyid do // / +de yang mdor bsdu na zhes bya bar rig par bya'o // / ","0.005#TD4016.2E.TXT.r#2377267#2377270#TD4016.2E.TXT.r_7949# de ni mtha' las 'das PA STONG PA NYID DANG  DNGOS PO MED PA STONG PA NYID DANG  DNGOS PO MED PA'I NGO BO NYID STONG PA NYID DANG  don DAM PA STONG PA NYID KYIS yang dag par rnam  par sel to zhes bya ba ni gnyis pa gnyen por gyur pa'i stong pa nyid bstan pa'o // / ","0.005#TD4038.2E.TXT.r#3116348#3116351#TD4038.2E.TXT.r_3536# gang zag ba dag med pa'i mtshan ma dang  chos la bdag med pa'i mtshan ma dang  rnam par rig pa tsam gyi mtshan ma dang  don dam pa'i mtshan  ma gang yin pa de ni mtha' las 'das PA STONG PA NYID DANG  DNGOS PO MED PA STONG PA NYID DANG  DNGOS PO MED PA'I NGO BO NYID STONG PA NYID DANG  don DAM PA STONG PA NYID KYIS rnam par sel to // / ","0.014#TD4027E.TXT.r#554134#554138#TD4027E.TXT.r_280;TD4027E.TXT.r_281# za ba la SOGS PA STONG PA NYID CES gong du ji skad smos pa der stong pa nyid kyi mtshan nyid bstan pa'i phyir / / +dngos PO MED PA STONG PA NYID DANG  DNGOS PO MED PA'I NGO BO NYID STONG PA NYID DANG   stong pa nyid rnam pa gnyis tha mar rnam par 'jog ste / / ","0.024#TD4032E.TXT.r#1929628#1929628#TD4032E.TXT.r_1582# shes pa po dang rnam pa 'dzin pa po'i gang zag dang  kun brtags PA'I MTSHAN NYID STONG PA NYID SHES pa dang  don dam pa'i rnam pa'i  DNGOS PO MED PA DANG  DE'I DNGOS PO MED PA'I DNGOS PO yod PA NI STONG PA NYID STONG PA NYID DANG  don DAM PA STONG PA NYID DE GO rims bzhin no // / ","0.025#TD4032E.TXT.r#1929505#1929507#TD4032E.TXT.r_1569;TD4032E.TXT.r_1570;TD4032E.TXT.r_1571# de'i stong pa nyid la skur pa 'debs pa bsal ba'i phyir / / +dngos PO MED PA'I NGO BO NYID STONG PA NYID DO // / +gal TE DNGOS PO MED PA STONG PA NYID MA brjod na / / ","0.028#TD4032E.TXT.r#1939115#1939115#TD4032E.TXT.r_3048;TD4032E.TXT.r_3049;TD4032E.TXT.r_3050# DNGOS PO MED PAS STONG PA NYID DANG  de ma YIN PAS STONG PA NYID DANG  rang bzhin GYIS STONG PA NYID DO // / +da LA DNGOS PO MED PAS STONG PA NYID NI kun brtags pa'i ngo BO NYID DE // / +de nyid bstan pa'i phyir / / ","0.029#TD4047E.TXT.r#1143609#1143609#TD4047E.TXT.r_3235# shin TU DNGOS PO MED PA nyid kyi phyir de ni  DNGOS PO MED PA'I NGO BO NYID STONG PA NYID YIN gyi / / "
"553899","TD4027E.TXT.r_229;TD4027E.TXT.r_230;TD4027E.TXT.r_231"," za ba bza' dang de yi lus // / +gnas kyi gzhi yi stong pa nyid // / +de yang gang gis ji ltar mthong // / ","5.960#TD4021E.TXT.r#2100644#2100650#TD4021E.TXT.r_75;TD4021E.TXT.r_76;TD4021E.TXT.r_77;TD4021E.TXT.r_78;TD4021E.TXT.r_79# dag pa bzhin du dag par 'dod // / +za BA BZA' DANG DE YI LUS // / +gnas KYI GZHI YI STONG PA NYID // / "
"553909","TD4027E.TXT.r_232;TD4027E.TXT.r_233"," gang phyir de yang  stong pa nyid // / +dge gnyis thob par bya ba'i phyir // / ","0.0#TD4021E.TXT.r#2100652#2100658#TD4021E.TXT.r_78;TD4021E.TXT.r_79;TD4021E.TXT.r_80;TD4021E.TXT.r_81# de  yang gang gis ji ltar mthong // / +gang PHYIR DE YANG STONG PA NYID // / "
"553917","TD4027E.TXT.r_234;TD4027E.TXT.r_235"," rtag tu sems can phan bya'i phyir // / +'khor ba gtang bar mi bya'i phyir // / ","0.0#TD4021E.TXT.r#2100659#2100675#TD4021E.TXT.r_80;TD4021E.TXT.r_81;TD4021E.TXT.r_82;TD4021E.TXT.r_83;TD4021E.TXT.r_84;TD4021E.TXT.r_85# dge gnyis thob par BYA BA'I PHYIR // / +rtag TU SEMS CAN PHAN BYA'I PHYIR // / "
"553926","TD4027E.TXT.r_236;TD4027E.TXT.r_237"," dge ba mi zad bya ba'i phyir // / +rigs kyang rnam par dag bya'i phyir // / "
"553934","TD4027E.TXT.r_238;TD4027E.TXT.r_239"," mtshan dang dpe byad thob bya'i phyir // / +sangs rgyas chos rnams dag bya'i phyir // / ","0.0#TD4021E.TXT.r#2100676#2100686#TD4021E.TXT.r_84;TD4021E.TXT.r_85;TD4021E.TXT.r_86;TD4021E.TXT.r_87# rigs kyang rnam PAR DAG BYA'I PHYIR // / +mtshan DANG DPE BYAD THOB BYA'I  phyir ; / / ","0.0#TD4027E.TXT.r#554081#554082#TD4027E.TXT.r_267;TD4027E.TXT.r_268;TD4027E.TXT.r_269# skyes bu chen po'i mtshan rnams dang  dpe byad bzang po rnams dang bcas pa thob par bya ba'i phyir ro // / +sangs RGYAS CHOS RNAMS DAG BYA'I PHYIR // / +byang chub sems dpa' sgrub par byed // / ","0.026#TD4032E.TXT.r#1929332#1929333#TD4032E.TXT.r_1535;TD4032E.TXT.r_1536;TD4032E.TXT.r_1537# gzhan yang / / +sangs RGYAS CHOS RNAMS DAG BYA'I PHYIR // / +byang chub sems dpa' sgrub par byed // / "
"553944","TD4027E.TXT.r_240;TD4027E.TXT.r_241"," byang chub sems dpa' sgrub par byed // / +de la za ba stong pa nyid ni nang gi skye mched rnams las brtsams so // / ","0.020#TD4027E.TXT.r#554081#554082#TD4027E.TXT.r_267;TD4027E.TXT.r_268;TD4027E.TXT.r_269# skyes bu chen po'i mtshan rnams dang  dpe byad bzang po rnams dang bcas pa thob par bya ba'i phyir ro // / +sangs rgyas chos rnams dag bya'i phyir // / +byang CHUB SEMS DPA' SGRUB PAR BYED // / ","0.025#TD4032E.TXT.r#1928849#1928850#TD4032E.TXT.r_1461;TD4032E.TXT.r_1462# gzhi rnam pa bzhi po 'di'i stong pa nyid de ni gzhi stong pa nyid ces  bya'o // / +de LA ZA BA STONG PA NYID NI NANG GI SKYE MCHED RNAMS LAS BRTSAMS SO ZHES bya ba ni / / ","0.025#TD4032E.TXT.r#1929332#1929333#TD4032E.TXT.r_1535;TD4032E.TXT.r_1536;TD4032E.TXT.r_1537# gzhan yang / / +sangs rgyas chos rnams dag bya'i phyir // / +byang CHUB SEMS DPA' SGRUB PAR BYED // / "
"553954","TD4027E.TXT.r_242;TD4027E.TXT.r_243"," bza' ba stong pa nyid ni phyi rol gyi rnams so // / +de'i lus ni za pa dang bza' ba de gnyis kyi gnas gang yin pa ste khog pa'o // / "
"553965","TD4027E.TXT.r_244;TD4027E.TXT.r_245"," de'i stong pa nyid ni phyi nang stong pa nyid ces bya'o // / +gnas kyi gzhi ni snod kyi 'jig rten te / / "
"553974","TD4027E.TXT.r_246;TD4027E.TXT.r_247"," de rgya che ba'i phyir de'i stong pa  nyid ni chen po stong pa nyid ces bya'o // / +nang gi skye mched la sogs pa de yang gang gis stong par mthong zhe na / / ","0.013#TD4016.2E.TXT.r#2378015#2378019#TD4016.2E.TXT.r_8041;TD4016.2E.TXT.r_8042;TD4016.2E.TXT.r_8043# nang gi skye  MCHED LA SOGS PA DE YANG GANG GIS STONG PAR MTHONG ZHE NA / / +stong pa nyid shes pa ste / / "
"553988","TD4027E.TXT.r_248;TD4027E.TXT.r_249;TD4027E.TXT.r_250"," stong pa nyid shes pas te / / +de'i stong pa nyid ni stong pa nyid stong pa nyid do // / +ji ltar don dam pa'i rnam par mthong ba de'i stong pa nyid ni don dam pa stong pa nyid do // / ","0.021#TD4032E.TXT.r#1939108#1939115#TD4032E.TXT.r_3047;TD4032E.TXT.r_3048;TD4032E.TXT.r_3049;TD4032E.TXT.r_3050# ces bya BA LA STONG PA NYID NI RNAM pa gsum ste / / +dngos po MED PAS STONG PA NYID DANG  de ma YIN PAS STONG PA NYID DANG  rang bzhin GYIS STONG PA NYID DO // / ","0.024#TD4093.2E.TXT.r#2080484#2080485#TD4093.2E.TXT.r_14851;TD4093.2E.TXT.r_14852# ji ltar 'ga' zhig gis shing gi ro mer bcug nas de tshig pa dang  shing de yang 'jug pa de bzhin du stong pa nyid kyis nyon mongs pa bsregs NAS STONG PA NYID DE yang stong pa nyid kyis sun 'byin PAR BYED DO // / +de ni stong pa nyid kyi rnam par zhugs PA'I STONG PA NYID KYI rjes    la bskyed par bya ba yin gyi / / ","0.027#TD4027E.TXT.r#556070#556070#TD4027E.TXT.r_637;TD4027E.TXT.r_638# stong pa nyid rnam pa gsum ste / / +dngos po MED PAS STONG PA NYID DANG  de ma YIN PAS STONG PA NYID DANG  ngo bo NYID KYIS STONG PA NYID DO // / ","0.029#TD4095E.TXT.r#103646#103648#TD4095E.TXT.r_7955;TD4095E.TXT.r_7956# mi slob pa'i la dmigs pa yin // / +stong PA NYID STONG PA NYID NI MI slob PA'I STONG PA NYID KYI TING nge 'dzin LA STONG PA NYID KYI rnam pas dmigs so // / "
"554002","TD4027E.TXT.r_251;TD4027E.TXT.r_252"," gang gi phyir byang chub sems dpa' sgrub par  byed pa de yang stong pa nyid do // / +ci'i phyir sgrub par byed ce na / / "
"554011","TD4027E.TXT.r_253;TD4027E.TXT.r_254;TD4027E.TXT.r_255"," dge gnyis thob par bya ba'i phyir // / +zhes bya ba ste / / +dge ba gnyis ni 'dus byas dang 'dus ma byas so // / ","0.028#TD4032E.TXT.r#1929085#1929085#TD4032E.TXT.r_1493;TD4032E.TXT.r_1494# ci'i phyir sgrub par byed ce na / / +dge ba gnyis thob par  bya ba'i phyir zhes bya ba nas / / "
"554021","TD4027E.TXT.r_256;TD4027E.TXT.r_257"," rtag tu sems can phan bya'i phyir // / +zhes bya ba ni sems can la gtan du phan par bya ba'i phyir ro // / "
"554032","TD4027E.TXT.r_258;TD4027E.TXT.r_259"," 'khor ba gtang bar mi bya'i phyir // / +zhes bya ba ni 'khor  ba thog ma dang tha ma med pa stong pa nyid du ma mthong na skyo ste 'khor ba yongs su gtong ngo // / ","0.0#TD4032E.TXT.r#1929171#1929172#TD4032E.TXT.r_1509;TD4032E.TXT.r_1510# de'i PHYIR 'KHOR BA THOG MA DANG THA  MA MED PA STONG PA NYID DU MA MTHONG NA SKYO STE / / +'khor BA YONGS SU GTONG NGO ZHES bya ba smos so // / "
"554049","TD4027E.TXT.r_260;TD4027E.TXT.r_261"," dge ba mi zad bya ba'i phyir // / +zhes bya ba ni phung po lhag ma med pa'i mya ngan las 'das pa na yang mi gtong zhing mi 'dor ba gang yin pa'o // / ","0.0#TD4032E.TXT.r#1929182#1929185#TD4032E.TXT.r_1511;TD4032E.TXT.r_1512;TD4032E.TXT.r_1513# DGE BA MI ZAD BYA BA'I PHYIR // / +zhes bya ba ni / / +phung PO LHAG MA MED PA'I MYA NGAN LAS 'DAS PA NA YANG bdag gis dge ba'i rtsa ba rnams mi zad par bya'o snyam pa ste / / "
"554062","TD4027E.TXT.r_262;TD4027E.TXT.r_263;TD4027E.TXT.r_264"," rigs kyang rnam par dag bya'i phyir // / +zhes bya ba la / / +rigs ni rang bzhin te ngo bo nyid kyi phyir ro // / "
"554071","TD4027E.TXT.r_265;TD4027E.TXT.r_266;TD4027E.TXT.r_267"," mtshan dang dbye byad thob ba'i phyir // / +zhes bya ba ni / / +skyes bu chen po'i mtshan rnams dang  dpe byad bzang po rnams dang bcas pa thob par bya ba'i phyir ro // / "
"554082","TD4027E.TXT.r_268;TD4027E.TXT.r_269;TD4027E.TXT.r_270"," sangs rgyas chos rnams dag bya'i phyir // / +byang chub sems dpa' sgrub par byed // / +ces bya ba ni stobs dang mi 'jigs pa dang ma 'dres pa la sogs pa'o // / ","0.0#TD4021E.TXT.r#2100685#2100685#TD4021E.TXT.r_85;TD4021E.TXT.r_86;TD4021E.TXT.r_87# mtshan dang dpe byad thob bya'i  phyir ; / / +sangs RGYAS CHOS RNAMS DAG BYA'I PHYIR // / +byang CHUB SEMS DPA' SGRUB PAR BYED // / ","0.0#TD4027E.TXT.r#553939#553940#TD4027E.TXT.r_238;TD4027E.TXT.r_239;TD4027E.TXT.r_240# mtshan dang dpe byad THOB BYA'I PHYIR // / +sangs RGYAS CHOS RNAMS DAG BYA'I PHYIR // / +byang CHUB SEMS DPA' SGRUB PAR BYED // / ","0.026#TD4032E.TXT.r#1929332#1929333#TD4032E.TXT.r_1535;TD4032E.TXT.r_1536;TD4032E.TXT.r_1537# gzhan yang / / +sangs RGYAS CHOS RNAMS DAG BYA'I PHYIR // / +byang CHUB SEMS DPA' SGRUB PAR BYED // / "
"554094","TD4027E.TXT.r_271"," de    ltar re zhig stong pa nyid bcu bzhi rnam par gzhag par shes par bya'o // / "
"554102","TD4027E.TXT.r_272;TD4027E.TXT.r_273;TD4027E.TXT.r_274"," 'di la stong pa nyid gang yin zhe na / / +gang zag dang ni chos rnams kyi // / +dngos po med 'dir stong pa nyid // / ","0.0#TD4021E.TXT.r#2100691#2100699#TD4021E.TXT.r_87;TD4021E.TXT.r_88;TD4021E.TXT.r_89;TD4021E.TXT.r_90;TD4021E.TXT.r_91# byang chub sems dpa' sgrub par byed // / +gang ZAG DANG NI CHOS RNAMS KYI // / +dngos PO MED 'DIR STONG PA NYID // / ","1.192#TD4032E.TXT.r#1929419#1929423#TD4032E.TXT.r_1553;TD4032E.TXT.r_1555;TD4032E.TXT.r_1556;TD4032E.TXT.r_1554;TD4032E.TXT.r_1557# ngo bo nyid ni ji lta BU ZHE NA / / +gang ZAG DANG NI CHOS RNAMS KYI // / +dngos PO MED 'DIR STONG PA NYID // / "
"554112","TD4027E.TXT.r_275;TD4027E.TXT.r_276;TD4027E.TXT.r_277"," de dngos med pa'i dngos yod pa // / +de ni de las stong nyid gzhan // / +zhes bya ba'o // / "
"554120","TD4027E.TXT.r_278;TD4027E.TXT.r_279;TD4027E.TXT.r_280"," gang zag dang chos kyi  dngos po med pa ni stong pa nyid do // / +dngos po med pa de'i dngos po yod pa yang yin no // / +za ba la sogs pa stong pa nyid ces gong du ji skad smos pa der stong pa nyid kyi mtshan nyid bstan pa'i phyir / / ","0.013#TD4032E.TXT.r#1929505#1929507#TD4032E.TXT.r_1569;TD4032E.TXT.r_1570;TD4032E.TXT.r_1571# de'i stong pa nyid la skur pa 'debs pa bsal ba'i phyir / / +dngos po med pa'i ngo BO NYID STONG PA NYID DO // / +gal TE DNGOS PO MED PA STONG PA NYID MA brjod na / / ","0.015#TD4032E.TXT.r#1929440#1929450#TD4032E.TXT.r_1560;TD4032E.TXT.r_1561;TD4032E.TXT.r_1562;TD4032E.TXT.r_1563# de la ji skad de bshad pa'i zab po la sogs pa la GANG ZAG DANG CHOS KYI DNGOS PO MED PA NI STONG PA NYID DO // / +dngos PO MED PA DE'I DNGOS PO YOD PA YANG STONG PA NYID DO // / ","0.029#TD4027E.TXT.r#555992#555992#TD4027E.TXT.r_621;TD4027E.TXT.r_622;TD4027E.TXT.r_623# ye shes med pa sa ni ma yin te / / +de ma yin PAS DE'I STONG PA NYID DO // / +yongs su grub pa'i mtshan nyid ni / / "
"554138","TD4027E.TXT.r_281"," dngos po med pa stong pa nyid dang  dngos po med pa'i ngo bo nyid stong pa nyid dang   stong pa nyid rnam pa gnyis tha mar rnam par 'jog ste / / ","0.014#TD4027E.TXT.r#553886#553890#TD4027E.TXT.r_225;TD4027E.TXT.r_227;TD4027E.TXT.r_228# NANG STONG PA NYID DANG  PHYI STONG PA NYID DANG  PHYI NANG STONG PA NYID DANG  chen po  stong pa nyid dang  stong PA NYID STONG PA NYID DANG  don DAM PA STONG PA NYID DANG  'dus BYAS STONG PA NYID DANG  'dus ma BYAS STONG PA NYID DANG  mtha' las 'das PA STONG PA NYID DANG  thog ma dang tha MA MED PA STONG PA NYID DANG  dor BA MED PA STONG PA NYID DANG  rang BZHIN STONG PA NYID DANG  chos thams cad stong pa nyid     // / +rang gi mtshan NYID STONG PA NYID DANG  DNGOS PO MED PA STONG PA NYID DANG  DNGOS PO MED PA'I NGO BO NYID STONG PA NYID DO // / ","0.017#TD4033E.TXT.r#1386913#1386914#TD4033E.TXT.r_823# mtshan nyid kyi de bzhin nyid kyi don so so yang dag par rig par byed pa'i gang zag la bdag med pa'i mtshan ma dang  chos la bdag med pa'i mtshan ma dang  rnam par  rig pa'i mtshan ma dang  don dam pa'i mtshan ma gang yin pa de ni mtha' las 'das PA STONG PA NYID DANG  DNGOS PO MED PA'I NGO BO NYID DANG  DNGOS PO MED PA'I NGO BO NYID STONG PA NYID DANG  don dam pa'i stong pa nyid kyis rnam par sel to zhes bya ba la / / ","0.017#TD4016.2E.TXT.r#2377363#2377363#TD4016.2E.TXT.r_7962;TD4016.2E.TXT.r_7963# 'gag pa med pa'i phyir DNGOS PO MED PA STONG PA NYID CES bya'o // / +DNGOS PO MED PA'I NGO BO NYID STONG PA NYID CES bya ba ni DNGOS PO MED PA DANG DNGOS PO YOD PA'I mtshan ma blang zhing dmigs su med PAS DNGOS PO MED PA'I NGO BO NYID STONG PA NYID CES bya'o // / ","0.019#TD4016.2E.TXT.r#2377267#2377270#TD4016.2E.TXT.r_7949# de ni mtha' las 'das PA STONG PA NYID DANG  DNGOS PO MED PA STONG PA NYID DANG  DNGOS PO MED PA'I NGO BO NYID STONG PA NYID DANG  don DAM PA STONG PA NYID KYIS yang dag par rnam  par sel to zhes bya ba ni gnyis pa gnyen por gyur pa'i stong pa nyid bstan pa'o // / ","0.019#TD4038.2E.TXT.r#3116348#3116352#TD4038.2E.TXT.r_3536# gang zag ba dag med pa'i mtshan ma dang  chos la bdag med pa'i mtshan ma dang  rnam par rig pa tsam gyi mtshan ma dang  don dam pa'i mtshan  ma gang yin pa de ni mtha' las 'das PA STONG PA NYID DANG  DNGOS PO MED PA STONG PA NYID DANG  DNGOS PO MED PA'I NGO BO NYID STONG PA NYID DANG  don DAM PA STONG PA NYID KYIS rnam par sel to // / ","0.021#TD4027E.TXT.r#556070#556070#TD4027E.TXT.r_637;TD4027E.TXT.r_638# STONG PA NYID RNAM PA GSUM ste / / +dngos PO MED PAS STONG PA NYID DANG  de ma YIN PAS STONG PA NYID DANG  ngo bo NYID KYIS STONG PA NYID do // / ","0.022#TD4047E.TXT.r#1143609#1143611#TD4047E.TXT.r_3235;TD4047E.TXT.r_3236# shin tu dngos po med pa nyid kyi phyir de ni  DNGOS PO MED PA'I NGO BO NYID STONG PA NYID YIN gyi / / ","0.022#TD4016.2E.TXT.r#2374763#2374766#TD4016.2E.TXT.r_7595# NANG STONG PA NYID DANG  PHYI STONG PA NYID DANG  PHYI NANG STONG PA NYID DANG  stong PA NYID STONG PA NYID DANG  CHEN PO STONG PA NYID DANG  don DAM PA STONG PA NYID DANG  'dus BYAS STONG PA NYID DANG  'dus ma BYAS STONG PA NYID DANG  mtha' las 'das PA STONG PA NYID DANG  thog ma dang tha ma med pa stong  pa nyid dang  dor BA MED PA STONG PA NYID DANG  rnam par 'gyur BA MED PA STONG PA NYID DANG  rang bzhin GYIS STONG PA NYID DANG  rang gi mtshan nyid dang spyi'i mtshan NYID STONG PA NYID DANG  chos thams CAD STONG PA NYID DANG  mi DMIGS PA STONG PA NYID DANG  DNGOS PO MED PA STONG PA NYID DANG  ngo bo nyid stong  pa nyid dang  DNGOS PO MED PA'I NGO BO NYID STONG PA NYID GANG yin pa de ni byang chub sems dpa' sems dpa' chen po rnams kyi theg pa chen po'i mtshan nyid ces bya'o // / ","0.024#TD4016.2E.TXT.r#2377525#2377526#TD4016.2E.TXT.r_7981# gzhan gyi dbang la don DAM PA STONG PA NYID DU mngon par zhen pa'i mtshan ma gang yin pa de NI DNGOS PO MED PA'I NGO BO NYID STONG PA NYID KYIS rnam par sel to // / ","0.026#TD4032E.TXT.r#1929627#1929628#TD4032E.TXT.r_1582# shes pa po dang rnam pa 'dzin pa po'i gang zag dang  kun brtags pa'i mtshan NYID STONG PA NYID SHES PA dang  don dam pa'i rnam pa'i  DNGOS PO MED PA DANG  DE'I DNGOS PO MED PA'I DNGOS PO yod PA NI STONG PA NYID STONG PA NYID DANG  don DAM PA STONG PA NYID DE go rims bzhin no // / ","0.027#TD4032E.TXT.r#1929731#1929731#TD4032E.TXT.r_1595# stong pa nyid kyi rang bzhin NI DNGOS PO MED PA'I NGO BO NYID DANG  DNGOS PO MED PA'I DNGOS po'i ngo bo nyid do // / ","0.027#TD4016.2E.TXT.r#2377649#2377649#TD4016.2E.TXT.r_7993# rang BZHIN STONG PA NYID DANG  DNGOS PO MED PA STONG BA NYID DANG  rang gi mtshan NYID STONG PA NYID DANG  DNGOS PO MED PA'I NGO BO NYID STONG PA NYID DANG  don DAM PA STONG BA NYID DO zhes 'byung ste / / ","0.028#TD4027E.TXT.r#553640#553640#TD4027E.TXT.r_176;TD4027E.TXT.r_177# gnyis po gzung ba dang 'dzin pa'i DNGOS PO MED PA DANG  dngos po med pa de'i dngos PO NI STONG PA NYID kyi mtshan nyid do // / +de LTAR DNGOS PO MED PA'I NGO BO NYID NI STONG PA NYID  kyi mtshan nyid du yongs su bstan pa yin no // / "
"554148","TD4027E.TXT.r_282"," gang zag dang chos su sgro 'dogs pa dang  de'i stong pa nyid la skur pa 'debs pa bsal ba'i phyir go rims bzhin no // / ","0.0#TD4032E.TXT.r#1929480#1929484#TD4032E.TXT.r_1567# de'i phyir GANG ZAG DANG CHOS SU SGRO 'DOGS PA DANG   DE'I STONG PA NYID LA SKUR PA 'DEBS PA BSAL BA'I PHYIR GO RIMS BZHIN ZHES bya ba smos te / / "
"554158","TD4027E.TXT.r_283;TD4027E.TXT.r_284"," de ltar stong pa nyid kyi rab tu dbye ba shes par bya'o // / +sgrub pa ji ltar shes par bya zhe na / / ","0.022#TD4032E.TXT.r#1927642#1927642#TD4032E.TXT.r_1253;TD4032E.TXT.r_1254# 'gyur ba med kyang dbye ba bde blag tu rig pa'i phyir dbye ba'i sgrub pa YANG SHES PAR BYA'O // / +mtshan NYID JI LTAR SHES PAR BYA ZHE NA ZHES bya ba ni / / "
"554168","TD4027E.TXT.r_285;TD4027E.TXT.r_286"," gal te nyon  mongs de ma gyur // / +lus can thams cad grol bar 'gyur // / ","0.0#TD4079E.TXT.r#759027#759041#TD4079E.TXT.r_409;TD4079E.TXT.r_410;TD4079E.TXT.r_411;TD4079E.TXT.r_412;TD4079E.TXT.r_413# GAL TE NYON MONGS DE MA GYUR // / +lus CAN THAMS CAD GROL BAR 'GYUR // / ","5.960#TD4018E.TXT.r#3070794#3070798#TD4018E.TXT.r_8673;TD4018E.TXT.r_8674;TD4018E.TXT.r_8675# ji ltar btsun gtso 'phags pa byams pas dgongs pa byed pa las 'byung ba / / +de STE NYON MONGS DE MA GYUR // / +lus CAN THAMS CAD GROL BAR 'GYUR // / ","5.960#TD4021E.TXT.r#2100706#2100714#TD4021E.TXT.r_92;TD4021E.TXT.r_93;TD4021E.TXT.r_94;TD4021E.TXT.r_95# GAL TE NYON MONGS DE MA GYUR // / +lus  CAN THAMS CAD GROL BAR GYUR // / ","0.027#TD4032E.TXT.r#1929835#1929835#TD4032E.TXT.r_1607;TD4032E.TXT.r_1608# GAL TE NYON MONGS DE MA GYUR // / +lus CAN THAMS CAD GROL BAR 'GYUR // / "
"554178","TD4027E.TXT.r_287;TD4027E.TXT.r_288;TD4027E.TXT.r_289"," gal te rnam dag de ma gyur // / +'bad pa 'bras bu med par 'gyur // / +gal te gnyen po ma skyes par yang chos rnams kyi stong pa nyid kyis glo bur gyi nye ba'i nyon mongs pa rnams kyis kun nas nyon mongs par mi 'gyur  na ni kun nas nyon mongs pa med pas 'bad pa med par sems can thams cad grol bar 'gyur ro // / ","5.960#TD4032E.TXT.r#1929867#1929870#TD4032E.TXT.r_1613;TD4032E.TXT.r_1614# yang gi sgra ni skyes pa dang 'dra BAR KUN NAS NYON MONGS PAR MI 'GYUR NA / / +de ltar gyur NA NI KUN NAS NYON MONGS PA MED PAS  'bad PA MED PAR SEMS CAN THAMS CAD GROL BAR 'GYUR RO // / ","1.192#TD4032E.TXT.r#1929854#1929857#TD4032E.TXT.r_1611;TD4032E.TXT.r_1612# kun nas nyon mongs  pa spangs pa de yang lam bsgoms pas so // / +de la gal TE GNYEN PO MA SKYES PAR YANG CHOS RNAMS KYI STONG PA NYID GLO BUR GYI NYE BA'I NYON MONGS PA RNAMS KYIS ZHES bya ba la / / ","0.026#TD4032E.TXT.r#1929906#1929906#TD4032E.TXT.r_1620;TD4032E.TXT.r_1621;TD4032E.TXT.r_1622# da ni rab tu dbye ba rnam par dag pa sgrub pa'i phyir / / +gal TE RNAM DAG DE MA GYUR // / +'bad PA 'BRAS BU MED PAR 'GYUR // / "
"554201","TD4027E.TXT.r_290"," ci ste gnyen po skyes kyang rnam par dag par mi 'gyur na ni thar par bya ba'i phyir rtsom pa 'bras bu med par 'gyur ro // / ","0.020#TD4032E.TXT.r#1929926#1929927#TD4032E.TXT.r_1626;TD4032E.TXT.r_1627# kyang gi sgra ni ma skyes pa dang 'dra BAR RNAM PAR DAG PAR MI 'GYUR NA / / +de ltar gyur NA NI THAR PAR BYA BA'I PHYIR RTSOM PA 'BRAS BU MED PAR 'GYUR TE / / "
"554210","TD4027E.TXT.r_291;TD4027E.TXT.r_292;TD4027E.TXT.r_293;TD4027E.TXT.r_294"," de ltar na / / +nyon mongs ma yin mi mongs min // / +de ni  dag dang ma dag min // / +ji ltar nyon mongs par gyur pa ma yin la ma dag pa yang ma yin zhe na sems rang bzhin gyis 'od gsal ba'i phyir ro // / ","0.027#TD4085E.TXT.r#1511967#1511967#TD4085E.TXT.r_143;TD4085E.TXT.r_144# 'bad pa 'bras bu med par 'gyur // / +nyon MONGS MA YIN MI MONGS MIN // / "
"554225","TD4027E.TXT.r_295;TD4027E.TXT.r_296"," ji ltar nyon mongs par gyur pa ma yin pa yang ma yin la dag pa yang ma yin zhe na / / +glo bur gyi nyon mongs pa'i phyir ro // / "
"554235","TD4027E.TXT.r_297;TD4027E.TXT.r_298"," de ltar  stong pa nyid kyi rab tu dbye ba bstan pa bsgrubs pa yin no // / +de yang stong pa nyid kyi don bsdus pa ni mtshan nyid rnam par gzhag par rig par bya'o // / ","0.0#TD4032E.TXT.r#1930206#1930214#TD4032E.TXT.r_1683;TD4032E.TXT.r_1684;TD4032E.TXT.r_1685;TD4032E.TXT.r_1686# DE LTAR STONG PA NYID KYI RAB TU DBYE BA KUN nas nyon mongs pa dang  rnam par dag pa bstan pa 'di BSGRUBS PA YIN NO // / +stong PA NYID KYI DON BSDUS PA NI / / "
"554247","TD4027E.TXT.r_299;TD4027E.TXT.r_300"," de la mtshan nyid ni dngos po med pa'i mtshan nyid dang  dngos po'i mtshan nyid do // / +dngos po'i mtshan nyid kyang dngos po     // / ","0.008#TD4035E.TXT.r#188184#188187#TD4035E.TXT.r_10804# de'i 'og ma bzhi pa ni dus kyi mtshan nyid dang  skye ba'i mtshan nyid dang  RGA BA'I MTSHAN NYID DANG  GNAS PA'I MTSHAN NYID DANG  mi RTAG PA'I MTSHAN NYID DANG  sdug bsngal ba'i mtshan nyid dang  stong pa nyid kyi mtshan nyid dang  bdag  MED PA'I MTSHAN NYID DANG  DNGOS PO'I MTSHAN NYID DANG  rnam par shes par BYA BA'I MTSHAN NYID DANG  gzung ba'i mtshan nyid dang  sdug pa la SOGS PA'I MTSHAN NYID DANG  phan 'dogs pa la SOGS PA'I MTSHAN NYID DANG  tha snyad kyi mtshan ma'i mtshan nyid dang  log    bar bsgrub pa la sogs pa'i mtshan ma'i mtshan nyid dang  de lta bu dang mthun PA'I MTSHAN NYID DE / / ","0.009#TD4038.1E.TXT.r#2716212#2716213#TD4038.1E.TXT.r_1862# rang gi mtshan nyid dang  spyi'i mtshan nyid dang  gnas dang  gnas par 'brel pa'i mtshan nyid dang  nye bar SPYOD PA'I MTSHAN NYID DANG  las kyi mtshan nyid dang  cha phra BA'I MTSHAN NYID DO // / ","0.009#TD4054E.TXT.r#1047900#1047902#TD4054E.TXT.r_8978# gang du de kho na'i mtshan nyid las brtsams nas yongs su SHES PA'I MTSHAN NYID DANG  spong ba'i mtshan nyid dang  mngon sum DU BYED PA'I MTSHAN NYID DANG  bsgom pa'i mtshan nyid dang  de kho na'i mtshan nyid la  sogs pa 'di dag gi rnam pa rab tu dbye ba'i mtshan nyid dang  gnas dang gnas pa 'brel ba'i mtshan nyid dang  yongs su shes pa la sogs pa'i bar du gcod pa'i chos kyi mtshan nyid dang  rjes su MTHUN PA'I MTSHAN NYID DANG  yongs su ma shes pa la sogs pa dang  yongs su shes pa la sogs  pa la nyes dmigs dang phan yon gyi mtshan nyid kyis don ston pa ste // / ","0.009#TD4016.1E.TXT.r#489111#489114#TD4016.1E.TXT.r_5250# gnas GYUR PA'I MTSHAN NYID DANG  chos dkar po'i mtshan nyid dang  gnyis SU MED PA'I MTSHAN NYID DANG   brtags pa'i mtshan nyid dang  bsam gyis mi khyab PA'I MTSHAN NYID DO // / ","0.009#TD4049E.TXT.r#2296822#2296827#TD4049E.TXT.r_1680# GANG MED PA'I MTSHAN NYID DANG  rnam par 'jig pa'i mtshan nyid dang  'gyur ba'i mtshan nyid dang  'bral ba'i mtshan nyid dang  NYE BA'I MTSHAN NYID DANG  chos nyid kyi mtshan nyid dang  skad cig gi    mtshan nyid dang  rgyun gyi mtshan nyid dang  nang la SOGS PA'I MTSHAN NYID DANG  sems sna tshogs kyi rnam par 'byung ba'i mtshan nyid dang  longs spyod phun sum tshogs PA RGUD PA'I MTSHAN NYID DANG  snod 'jig pa dang 'chags PA'I MTSHAN NYID DO // / ","0.009#TD4054E.TXT.r#1012075#1012079#TD4054E.TXT.r_3542;TD4054E.TXT.r_3543# MED PA'I MTSHAN NYID DANG  rnam par 'jig pa'i mtshan nyid  dang ; / +'gyur ba'i mtshan nyid dang  bral ba'i mtshan nyid dang  NYE BA'I MTSHAN NYID DANG  chos kyi mtshan nyid dang  skad cig gi mtshan nyid dang  rgyun gyi mtshan nyid dang  nad la SOGS PA'I MTSHAN NYID DANG  sems sna tshogs kyi rnam par 'gyur ba'i mtshan nyid dang  longs spyod phun  sum tshogs PA RGUD PA'I MTSHAN NYID DANG  snod 'jig pa dang chags PA'I MTSHAN NYID DO // / ","0.013#TD4049E.TXT.r#2304823#2304824#TD4049E.TXT.r_3012# lam gyi mtshan nyid dang  RIGS PA'I MTSHAN NYID DANG  sgrub PA'I MTSHAN NYID DANG NGES par 'byin PA'I MTSHAN NYID DO // / ","0.013#TD4054E.TXT.r#1029726#1029727#TD4054E.TXT.r_6391# lam gyi mtshan nyid dang  RIGS PA'I MTSHAN NYID DANG  sgrub pa'i mtshan nyid dang  nges par 'byin PA'I MTSHAN NYID DO // / ","0.013#TD4079E.TXT.r#758637#758637#TD4079E.TXT.r_325;TD4079E.TXT.r_326# gzung ba'i mtshan nyid dang  'dzin PA'I MTSHAN NYID DE / / +gzung ba dang 'dzin pa'i mtshan nyid du snang ba'i phyir ro // / ","0.014#TD4018E.TXT.r#3036471#3036471#TD4018E.TXT.r_4214# ji ltar rnam pa gnyis zhes pa dang  de nyid gsungs pa'i ming la mngon par ZHEN PA'I MTSHAN NYID DANG  dngos po'i mtshan ma la mngon par zhen pa'i mtshan nyid kyis so // / ","0.014#TD4035E.TXT.r#188172#188175#TD4035E.TXT.r_10804# de'i 'og ma bzhi pa ni dus kyi mtshan nyid dang  skye ba'i mtshan nyid dang  RGA BA'I MTSHAN NYID DANG  GNAS PA'I MTSHAN NYID DANG  mi RTAG PA'I MTSHAN NYID DANG  sdug bsngal ba'i mtshan nyid dang  stong pa nyid kyi mtshan nyid dang  bdag  MED PA'I MTSHAN NYID DANG  DNGOS PO'I MTSHAN NYID DANG  rnam par shes par BYA BA'I MTSHAN NYID DANG  gzung ba'i mtshan nyid dang  sdug pa la SOGS PA'I MTSHAN NYID DANG  phan 'dogs pa la SOGS PA'I MTSHAN NYID DANG  tha snyad kyi mtshan ma'i mtshan nyid dang  log    bar bsgrub pa la sogs pa'i mtshan ma'i mtshan nyid dang  de lta bu dang mthun PA'I MTSHAN NYID DE / / ","0.014#TD4029E.TXT.r#2162968#2162968#TD4029E.TXT.r_5588;TD4029E.TXT.r_5589;TD4029E.TXT.r_5590# rnam par grol ba ni rnam pa gnyis te / / +nyon mongs pa spangs pa'i mtshan nyid dang  MOS PA'I MTSHAN NYID DO // / +de la mos pa'i  mtshan nyid ni 'dus byas yin pa'i phyir rnam par grol ba'i phung por rnam par 'dog  pas nyes pa med do // / ","0.015#TD4038.2E.TXT.r#3115774#3115777#TD4038.2E.TXT.r_3468# de KHO NA'I MTSHAN NYID DANG  yongs su SHES PA'I MTSHAN NYID DANG  spang ba'i mtshan nyid dang  mngon du BYA BA'I MTSHAN NYID DANG  bsgom pa'i mtshan nyid dang  de kho na'i mtshan nyid la sogs pa de dag nyid kyi rnam pa rab tu dbye ba'i mtshan  nyid dang  gnas dang gnas par 'brel pa'i mtshan nyid dang  yongs su shes pa la sogs pa'i bar du gcod pa'i chos kyi mtshan nyid dang  rjes su mthun pa'i chos kyi mtshan nyid dang  yongs su mi shes pa la sogs pa dang  yongs su shes pa la  sogs pa'i nyes dmigs dang  phan yon GYI MTSHAN NYID DO // / ","0.015#TD4037E.TXT.r#1319766#1319766#TD4037E.TXT.r_541# kha na ma tho BA MED PA'I MTSHAN NYID DANG  phan 'dogs pa'i mtshan nyid dang  tshe 'di pa dang  tshe gzhan pa dang  zhi bar  byed pa'o // / ","0.015#TD4032E.TXT.r#1930227#1930229#TD4032E.TXT.r_1686;TD4032E.TXT.r_1687;TD4032E.TXT.r_1688# DE LA MTSHAN NYID NI  DNGOS PO MED PA'I MTSHAN NYID DANG DNGOS PO'I MTSHAN NYID DO ZHES bya ba la GNYIS KYI DNGOS PO MED do zhes bshad PAS DNGOS PO MED PA'I MTSHAN NYID DO // / +dngos po med pa'i dngos po zhes bshad PAS DNGOS PO'I MTSHAN NYID DO // / ","0.016#TD4038.1E.TXT.r#2713228#2713228#TD4038.1E.TXT.r_1448# gzugs kyang mtshan nyid    gsum ste snang ba dang BCAS PA'I MTSHAN NYID DANG  yul GNOD PA'I MTSHAN NYID DANG  rgyas par gnas PA'I MTSHAN NYID DE / / ","0.016#TD4038.2E.TXT.r#3106390#3106390#TD4038.2E.TXT.r_2056;TD4038.2E.TXT.r_2057# tha dad pa dang  tha dad pa ma yin pa nyid las yang dag par 'das pa'i mtshan nyid dang  thams cad du ro gcig PA'I MTSHAN NYID DO // / +de la brjod DU MED PA'I MTSHAN NYID DANG  gnyis SU MED PA'I MTSHAN NYID NI / / ","0.017#TD4018E.TXT.r#3034758#3034758#TD4018E.TXT.r_4013;TD4018E.TXT.r_4014# don dam pa'i rgyu mtshan nyid dang ldan pa ni mi gnyis par yang dag par rig pa'i mtshan nyid pas na mi gnyis par yang dag par rig PA'I MTSHAN NYID KYI DNGOS PO'I MTSHAN NYID KYI DNGOS PO'O // / +dngos po dang dngos po med pa dang bral ba ni yod pa dang med     // / ","0.019#TD4027E.TXT.r#553579#553584#TD4027E.TXT.r_164# yang dag pa ma yin pa kun tu rtog pa'i don bsdus  pa NI YOD PA'I MTSHAN NYID DANG  MED PA'I MTSHAN NYID DANG  rang gi mtshan nyid dang  BSDU BA'I MTSHAN NYID DANG  MED PA'I MTSHAN NYID LA 'jug pa'i thabs kyi mtshan nyid dang  rab tu dbye ba'i mtshan nyid dang  rnam grangs kyi mtshan nyid dang  'jug pa'i mtshan nyid dang  kun nas nyon mongs pa'i  mtshan nyid de / / ","0.023#TD4054E.TXT.r#1012042#1012042#TD4054E.TXT.r_3532;TD4054E.TXT.r_3533# sdug bsngal spyi'i mtshan nyid gang / / +mi RTAG PA'I MTSHAN NYID DANG  sdug bsngal ba'i mtshan nyid dang  stong pa'i mtshan nyid dang  BDAG MED PA'I MTSHAN NYID DO // / ","0.024#TD4035E.TXT.r#146357#146357#TD4035E.TXT.r_3742# yang mi rtag pa'i  mtshan nyid dang  mi brtan pa'i mtshan nyid dang  yid brtan du mi rung ba'i mtshan nyid dang  rnam par 'gyur ba'i mtshan nyid dang  skye ba'i chos kyi mtshan nyid dang  rga ba dang na ba dang 'chi ba'i chos kyi mtshan nyid dang  chos tsam gyi mtshan nyid dang  sdug bsngal gyi  mtshan nyid yin te / / ","0.024#TD4016.2E.TXT.r#2369142#2369142#TD4016.2E.TXT.r_6922;TD4016.2E.TXT.r_6923# gtan du spangs pa'i MTSHAN NYID DANG / / +mngon du BYAS PA'I MTSHAN NYID DANG  bsgoms PA'I MTSHAN NYID DANG ZHES bya ba rnam pa bzhi po 'di dag ni go rims bzhin du / / ","0.025#TD4032E.TXT.r#1930239#1930239#TD4032E.TXT.r_1689# dngos po yod pa dang dngos po med pa las rnam par grol ba'i mtshan nyid dang  de nyid dang gzhan la rnam par grol ba'i mtshan nyid de 'di ni stong pa nyid KYI MTSHAN NYID DO // / ","0.027#TD4016.1E.TXT.r#495451#495451#TD4016.1E.TXT.r_6091;TD4016.1E.TXT.r_6092# bla na med pa'i 'phags pa'i lam nye bar bsgrub pa ni yang dag pa la NGES PA'I MTSHAN NYID DO // / +gnyi ga dang bral ba'i mtshan nyid ni ma NGES PA'I MTSHAN NYID DE / / ","0.029#TD4038.1E.TXT.r#2763748#2763748#TD4038.1E.TXT.r_8902;TD4038.1E.TXT.r_8903# mdor bsdu na las su mi rung ba'i mtshan nyid gang yin pa ste / / +las su mi rung ba'i mtshan nyid de yang mtshan nyid rnam pa lngar rig par bya ste / / "
"554256","TD4027E.TXT.r_301"," yod pa dang dngos po med pa las rnam par grol ba'i mtshan nyid dang  de nyid dang gzhan las rnam par grol ba'i mtshan nyid do // / ","0.022#TD4018E.TXT.r#3034758#3034758#TD4018E.TXT.r_4013;TD4018E.TXT.r_4014# don dam pa'i rgyu mtshan nyid dang ldan pa ni mi gnyis par yang dag PAR RIG PA'I MTSHAN NYID pas na mi gnyis par yang dag PAR RIG PA'I MTSHAN NYID kyi dngos po'i mtshan nyid kyi dngos po'o // / +dngos PO DANG DNGOS PO MED PA DANG bral ba ni yod pa dang med     // / ","0.025#TD4032E.TXT.r#1930239#1930239#TD4032E.TXT.r_1689# dngos po YOD PA DANG DNGOS PO MED PA LAS RNAM PAR GROL BA'I MTSHAN NYID DANG  DE NYID DANG GZHAN LA RNAM PAR GROL BA'I MTSHAN NYID DE 'DI ni stong pa nyid KYI MTSHAN NYID DO // / "
"554264","TD4027E.TXT.r_302;TD4027E.TXT.r_303"," rnam par gzhag pa ni rnam grangs la sogs pas rnam par gzhag par rig par bya'o // / +de la rnam pa bzhi po 'di dag bstan  pas ni rnam par rtog pa dang  skrag pa dang  le lo dang  the tshom nye bar zhi bar bya ba'i phyir stong pa nyid rang gi mtshan nyid dang  las kyi mtshan nyid dang  kun nas nyon mongs pa dang  rnam par byang ba'i mtshan nyid dang  rigs pa'i mtshan nyid brjod pa yin no // / ","1.192#TD4032E.TXT.r#1930295#1930297#TD4032E.TXT.r_1695;TD4032E.TXT.r_1696# mtshan  nyid LA SOGS PA RNAM PA BZHI PO 'DI DAG BSTAN PAS nye ba'i nyon mongs pa rnam pa bzhi'i gnyen por / / +rang gi mtshan nyid dang  LAS KYI MTSHAN NYID DANG  KUN NAS NYON MONGS PA DANG  RNAM PAR BYANG BA'I MTSHAN NYID DANG  RIGS PA'I MTSHAN NYID BRJOD PA YIN NO // / ","0.028#TD4034.1E.TXT.r#956533#956533#TD4034.1E.TXT.r_8539;TD4034.1E.TXT.r_8540# mdor na yongs su grub PA'I MTSHAN NYID RNAM PA gsum du bshad de / / +rang gi mtshan nyid dang  KUN NAS NYON MONGS PA DANG  RNAM PAR BYANG BA'I MTSHAN NYID DANG  rnam par mi rtog pa'i mtshan nyid do // / "
"554290","TD4027E.TXT.r_304"," bstan  bcos dbus dang mtha' rnam par 'byed pa las mtshan nyid kyi le'ur bcad pa zhes bya ba ste dang po'i 'grel pa'o //// / ","1.192#TD4027E.TXT.r#555650#555658#TD4027E.TXT.r_559;TD4027E.TXT.r_560# BSTAN BCOS DBUS DANG MTHA' RNAM PAR 'BYED PA LAS sgrib PA'I LE'UR BCAD PA ZHES BYA BA gnyis pa'i 'grel pa'o //// / ","0.014#TD4027E.TXT.r#558681#558683#TD4027E.TXT.r_1148# BCOS DBUS DANG MTHA' RNAM PAR 'BYED PA LAS gnyen po bsgom pa zhes bya ba'i le'ur bcad pa bzhi ba'i 'grel pa'o //// / ","0.015#TD4027E.TXT.r#557386#557387#TD4027E.TXT.r_879# BSTAN BCOS DBUS DANG MTHA' RNAM PAR 'BYED PA LAS de  kho na zhes bya ba'i le'ur bcad pa gsum pa'i 'grel pa'o //// / ","0.020#TD4032E.TXT.r#1952586#1952587#TD4032E.TXT.r_5080# bstan  BCOS DBUS DANG MTHA' RNAM PAR 'BYED PA LAS gnyen po bsgom pa'i le'ur bcad pa ste bzhi pa'i 'grel bshad do //// / ","0.021#TD4021E.TXT.r#2100728#2100729#TD4021E.TXT.r_98;TD4021E.TXT.r_99# BSTAN BCOS DBUS DANG MTHA' RNAM PAR 'BYED PA LAS / / +mtshan NYID KYI LE'UR BCAD PA ZHES BYA  ba ste dang po'o //// / ","0.022#TD4021E.TXT.r#2100995#2100996#TD4021E.TXT.r_177;TD4021E.TXT.r_178# BSTAN BCOS DBUS DANG MTHA' RNAM PAR 'BYED PA LAS / / +sgrib PA'I LE'UR BCAD PA ZHES BYA BA STE gnyis pa'o //// / "
"554304","TD4027E.TXT.r_305;TD4027E.TXT.r_306;TD4027E.TXT.r_307"," sgrib pa'i dbang du mdzad de / / +khyab dang nyi tshe lhag pa dang / / +mnyam dang len pa dang spong ba ni // / ","0.007#TD4032E.TXT.r#1930402#1930404#TD4032E.TXT.r_1707;TD4032E.TXT.r_1708;TD4032E.TXT.r_1709# khyab DANG NYI TSHE LHAG PA DANG / / +mnyam pa DANG LEN PA DANG SPONG BA NI // / ","0.020#TD4021E.TXT.r#2100738#2100740#TD4021E.TXT.r_100;TD4021E.TXT.r_101;TD4021E.TXT.r_102# khyab DANG NYI TSHE LHAG PA DANG / / +mnyam dang LEN DANG SPONG BA NI // / ","0.025#TD4027E.TXT.r#555657#555658#TD4027E.TXT.r_559;TD4027E.TXT.r_560# bstan bcos dbus dang mtha' rnam par 'byed pa las sgrib pa'i le'ur bcad pa zhes bya ba gnyis pa'i 'grel pa'o //// / +de kho NA'I DBANG DU MDZAD DE gsungs pa / / "
"554314","TD4027E.TXT.r_308;TD4027E.TXT.r_309;TD4027E.TXT.r_310"," gnyis kyi sgrib par bstan pa yin // / +zhes bya  pa gsungs so // / +de la khyab pa ni byang chub sems dpa'i rigs can rnams kyi nyon mongs pa dang shes bya'i sgrib pa ste / / ","0.024#TD4032E.TXT.r#1930434#1930436#TD4032E.TXT.r_1713# de LA KHYAB PA NI BYANG CHUB SEMS DPA'I RIGS CAN RNAMS KYI NYON MONGS PA DANG SHES BYA'I SGRIB PA STE ZHES bya ba ni khyab par byed pas khyab pa ste / / "
"554326","TD4027E.TXT.r_311;TD4027E.TXT.r_312"," mtha' dag pa sgrib pa'i phyir ro // / +nyi tshe ba ni nyan thos la sogs pa'i rigs can rnams kyi nyon mongs pa'i sgrib pa'o // / "
"554335","TD4027E.TXT.r_313;TD4027E.TXT.r_314;TD4027E.TXT.r_315"," lhag ma ni de dag nyid kyi sgrib  pa ste / / +'dod chags la sogs pa'i spyod pa rnams kyi sgrib pa'o // / +mnyam pa ni cha mtshungs par spyod pa rnams kyi sgrib pa'o // / "
"554347","TD4027E.TXT.r_316"," 'khor ba len pa dang spong ba'i sgrib pa ni byang chub sems dpa'i rigs can rnams kyi sgrib pa ste / / "
"554355","TD4027E.TXT.r_317;TD4027E.TXT.r_318"," mi gnas pa'i mya ngan las 'das pa la sgrib  pa'i phyir ro // / +de ltar 'di dag ni ci rigs par byang chub sems dpa'i rigs can rnams dang  nyan thos la sogs pa'i rigs can rnams dang gnyi ga'i sgrib par bstan to // / ","1.192#TD4032E.TXT.r#1930413#1930416#TD4032E.TXT.r_1710# gnyis po dag gi sgrub pa NI BYANG CHUB SEMS DPA'I RIGS CAN RNAMS DANG  NYAN THOS LA SOGS PA'I RIGS CAN RNAMS KYI sgrib pa'o // / ","0.017#TD4017E.TXT.r#2681708#2681709#TD4017E.TXT.r_3587;TD4017E.TXT.r_3588# mdo las sems can gang la yang zhes pa nas dga' bar 'gyur ba thams cad kha dog gcig pa sbyin par mdzad do zhes pa'i bar du ni de yang theg pa'i rang  bzhin dang theg pa'i yon tan ston pa la 'di ni dang po'o // / +ma nges pa'i rigs can dang  BYANG CHUB SEMS DPA'I RIGS DANG nyan thos pa'i rigs rnams la dge ba thams cad rdzogs par bstan pa'i phyir theg pa rnam gcig byin pa bstan to // / ","0.017#TD4032E.TXT.r#1930779#1930779#TD4032E.TXT.r_1769# lhag pa ni 'dod chags la sogs pa'i dngos po chung YANG BYANG CHUB SEMS DPA'I RIGS CAN DANG  NYAN THOS LA SOGS PA'I RIGS CAN de dag la shas che ba dang rgyun du 'byung ba'o // / ","0.026#TD4016.1E.TXT.r#461426#461427#TD4016.1E.TXT.r_1564# nyan thos kyi theg pa'i rigs can dang  rang sangs rgyas kyi theg  pa'i rigs can dang  BYANG CHUB SEMS DPA'I THEG pa'i rigs can dang  theg pa ma nges pa'i rigs dang  rigs med pa'o zhes gsungs so // / ","0.027#TD4032E.TXT.r#1930806#1930807#TD4032E.TXT.r_1771;TD4032E.TXT.r_1772# su dag yul ngan pa la yang 'dod chags la sogs pa gang yang rung ba shas che ba dang  rgyun du 'byung ba de dag ni 'dod chags la sogs pa spyod pa'o // / +mnyam pa NI BYANG CHUB SEMS DPA'I RIGS CAN DANG  NYAN THOS LA SOGS PA'I RIGS CAN de  dag nyid kyi sgrib pa ste / / ","0.029#TD4032E.TXT.r#1931014#1931015#TD4032E.TXT.r_1801;TD4032E.TXT.r_1802# de la dang po dang tha ma  NI BYANG CHUB SEMS DPA'I RIGS CAN RNAMS KYI sgrib pa'o // / +dang 'og NI NYAN THOS LA SOGS PA'I RIGS CAN RNAMS KYI sgrib pa'o // / "
"554372","TD4027E.TXT.r_320;TD4027E.TXT.r_321"," nyon mongs mtshan nyid rnam dgu'o // / +kun tu sbyor rnams sgrib pa yin // / ","0.0#TD4021E.TXT.r#2100746#2100748#TD4021E.TXT.r_102;TD4021E.TXT.r_103;TD4021E.TXT.r_104# gnyis kyi sgrib par bstan pa yin // / +nyon MONGS MTSHAN NYID RNAM DGU'O // / "
"554380","TD4027E.TXT.r_322;TD4027E.TXT.r_323"," kun tu  sbyor ba dgu ni nyon mongs pa'i sgrib pa'o // / +de dag gang la gang sgrib ce na / / "
"554388","TD4027E.TXT.r_324;TD4027E.TXT.r_325;TD4027E.TXT.r_326"," skyo ba dang btang snyoms dang / / +de kho na ni mthong ba dang / / +rjes su chags pa'i kun tu sbyor ba ni kun tu skyo ba la sgrib pa'o // / "
"554396","TD4027E.TXT.r_327;TD4027E.TXT.r_328"," khong khro ba'i kun tu sbyor ba ni btang snyoms la sgrib ste / / +des ni mi mthun    pa la khong khro ba'i gzhi la btang snyoms su byed mi nus so // / "
"554407","TD4027E.TXT.r_329;TD4027E.TXT.r_330;TD4027E.TXT.r_331;TD4027E.TXT.r_332"," lhag ma rnams ni de kho na mthong ba la / / +ji lta zhe na / / +de dag ni go rims bzhin du / / +'jig tshogs lta dang de'i gzhi dang / / "
"554418","TD4027E.TXT.r_333;TD4027E.TXT.r_334;TD4027E.TXT.r_335"," 'gog dang lam dang dkon mchog dang / / +rnyed pa dang ni bkur sti dang / / +yo byad bsnyungs  pa yongs shes la // / ","0.0#TD4021E.TXT.r#2100762#2100762#TD4021E.TXT.r_107;TD4021E.TXT.r_108# 'jig    chogs lta dang de'i gzhi dang / / +'gog DANG LAM DANG DKON MCHOG DANG / / "
"554427","TD4027E.TXT.r_336;TD4027E.TXT.r_337;TD4027E.TXT.r_338"," sgrib pa yin no // / +nga rgyal gyi kun tu sbyor ba ni 'jig tshogs la lta ba yongs su shes pa la sgrib pa ste / / +mngon par rtogs pa'i dus na nga'o snyam pa'i nga rgyal bar chad dang bcas pa dang bar chad med par kun tu 'byung ba'i dbang gis de ma spangs pa'i phyir ro // / ","0.017#TD4032E.TXT.r#1931403#1931403#TD4032E.TXT.r_1875;TD4032E.TXT.r_1876# nges par 'byed pa'i cha dang mthun pa'i dus so // / +de LA BAR CHAD DANG BCAS PA NI gnyen pos bar du chod pa'o // / ","0.018#TD4032E.TXT.r#1931386#1931389#TD4032E.TXT.r_1872# mngon PAR RTOGS PA'I DUS NA NGA'O SNYAM PA'I NGA RGYAL BAR CHAD DANG BCAS PA DANG  BAR CHAD MED PAR KUN DU 'BYUNG BA'I DBANG GIS DE MA SPANGS PA'I PHYIR RO ZHES bya ba smos so // / ","0.019#TD4092.2E.TXT.r#2543854#2543854#TD4092.2E.TXT.r_1121;TD4092.2E.TXT.r_1122# rjes su 'brel pa des NA DE MA SPANGS PA'I PHYIR RO ZHES bya ba ni bsam pa rjes su 'brel pa dang bcas PA MA SPANGS PA'I PHYIR TE / / +de dang 'gal ba'i sems pas ma bcos pa'i phyir zhes bya ba'i tha tshig  go ; / / ","0.021#TD4047E.TXT.r#1139133#1139134#TD4047E.TXT.r_2570;TD4047E.TXT.r_2571# 'on kyang thog ma med pa'i dus nas gcig nas gcig tu brgyud de 'ongs pa'i ming gi rnam par rtog pa'i dbang gis so zhes BSTAN PA'I PHYIR RO // / +'jig rten rnams kyi mkhas par 'dod pas na mkhas pa'o // / ","0.022#TD4061E.TXT.r#1519890#1519890#TD4061E.TXT.r_886;TD4061E.TXT.r_887;TD4061E.TXT.r_888# shas zhes bya ba ni cung  zad kyi don yin pa'i phyir shas kyis ser skya zhes bya BA BZHIN NO // / +de dang du len pa'i phyir ni dbang du song ba'o // / +de'i dbang gis las kun nas slong bar byed pa'i phyir ni lag tu song ba'o // / ","0.023#TD4090.2E.TXT.r#1060985#1060985#TD4090.2E.TXT.r_1388# de  nyid kyi phyir de ni gzhan gyi don byed par 'os pa'i phyir dang  'dod chags dang bcas pa thams cad kyis mchod par 'os pa'i phyir dgra bcom pa yin no // / ","0.023#TD4097E.TXT.r#2221043#2221043#TD4097E.TXT.r_2364;TD4097E.TXT.r_2365# de spangs na dgra bcom par 'gyur ro //// / +'dod chags dang bcas pa thams cad kyis mchod par 'os pa'i phyir 'os pa'o // / ","0.023#TD4034.2E.TXT.r#2922272#2922272#TD4034.2E.TXT.r_7533;TD4034.2E.TXT.r_7534# rnam par thar pa brgyad bsgom pa dag sems las thams cad sngon por snang ba dang  thams cad ser por snang ba la sogs pa'i gzugs  brnyan 'byung ba yang sems kyi dbang gis 'byung bas na skad cig mar rig par bya'o // / +de de nyid gsal bar bstan pa'i phyir / / ","0.025#TD4092.2E.TXT.r#2611182#2611182#TD4092.2E.TXT.r_9359# dbang nyams pa'i phyir zhes bya ba ni ting nge 'dzin mngon du 'gyur ba'i dbang nyams pa'i phyir ro zhes bya ba'i don to // / ","0.026#TD4046E.TXT.r#2203793#2203793#TD4046E.TXT.r_1050;TD4046E.TXT.r_1051# dgongs te gsungs zhes bya ba ni don gzhan la ldem por dgongs pa'i tshig yin pa'i    phyir ro // / +mos pa'i dbang kho nas spong bar mi byed na ni nyes pa med do // / ","0.026#TD4047E.TXT.r#1177554#1177554#TD4047E.TXT.r_8137;TD4047E.TXT.r_8138# dgongs te gsungs pa zhes bya ba ni don  gzhan la ldem por dgongs pa'i tshig yin pa'i phyir ro // / +mos pa'i dbang kho nas spong bar mi byed na ni nyes pa med do // / ","0.027#TD4051E.TXT.r#1245123#1245123#TD4051E.TXT.r_1763# de la mngon par zhen pa zhes bya ba ni mtshan mar byas pas mngon par zhen pa'i phyir te mtshan ma la mngon par zhen pa'i dbang gis zhes bya ba'i tha tshig go // / ","0.028#TD4038.1E.TXT.r#2722933#2722934#TD4038.1E.TXT.r_2938;TD4038.1E.TXT.r_2939# shes pa phyi ma ni brda ma bsal ba'i chos la dmigs pa'i phyir rnam par rtog pa dang bcas PA YIN NO // / +yang snga mas ni mthong bas spang bar bya ba'i nyon mongs pa'i bag la nyal gnas las spong bar byed do // / "
"554445","TD4027E.TXT.r_339;TD4027E.TXT.r_340"," ma rig pa'i kun tu sbyor ba ni 'jig tshogs la lta ba'i gzhi yongs su shes pa la sgrib ste / / +des nye bar len pa'i phung po rnams yongs su mi shes pa'i phyir ro // / "
"554457","TD4027E.TXT.r_341;TD4027E.TXT.r_342"," lta ba'i kun tu sbyor ba ni 'gog pa'i bden pa yongs su shes pa la sgrib ste / / +'jig tshogs dang mthar 'dzin par  lta ba gnyis kyis de la skrag pa dang  log par lta bas de la skur pa 'debs pa'i phyir ro // / ","4.768#TD4032E.TXT.r#1931583#1931585#TD4032E.TXT.r_1906# de'i phyir 'jig tshogs dang  MTHAR 'DZIN PAR LTA BA GNYIS KYIS DE LA SKRAG PA DANG  LOG PAR LTA BAS DE LA SKUR PA 'DEBS PA'I PHYIR RO zhes bya ba smos so // / ","0.028#TD4053E.TXT.r#2977682#2977683#TD4053E.TXT.r_1801;TD4053E.TXT.r_1802# de la  kun tu brtags pa'i sgo nas zhugs pa'i phyir / / +de la dmigs par rnam par gzhag par rig par bya'o // / ","0.028#TD4054E.TXT.r#1014633#1014634#TD4054E.TXT.r_4000# de la kun du brtags  pa'i sgo nas 'jug pa'i phyir de la dmigs par rnam par gzhag par rig par bya'o // / ","0.028#TD4053E.TXT.r#2984556#2984558#TD4053E.TXT.r_2698;TD4053E.TXT.r_2699;TD4053E.TXT.r_2700# des nad dang 'bras la sogs pa'i rnam pa  rnams kyis nye bar len pa'i phung po sun 'byin pa'i phyir ro // / +spong ba'i gnyen po ni sbyor ba dang bar chad med pa'i lam rnams te / / "
"554475","TD4027E.TXT.r_343;TD4027E.TXT.r_344"," mchog tu 'dzin pa'i kun tu sbyor ba ni lam gyi bden pa yongs su shes pa la sgrib ste / / +rnam pa gzhan gyis mchog gi dag par mchog tu 'dzin pa'i phyir ro // / ","0.028#TD4032E.TXT.r#1931699#1931700#TD4032E.TXT.r_1923;TD4032E.TXT.r_1924# ji ltar NA MCHOG TU 'DZIN PA'I KUN DU SBYOR BA LAM YONGS SU SHES PA LA SGRIB CE NA / / +de'i phyir rnam pa gzhan GYIS DAG PAR MCHOG TU 'DZIN PA'I PHYIR RO zhes bya ba smos te / / "
"554489","TD4027E.TXT.r_345;TD4027E.TXT.r_346"," the tshom gyi kun tu sbyor  ba ni dkon mchog gsum yongs su shes pa la sgrib ste / / +de'i yon tan la mngon par yid mi ches pa'i phyir ro // / "
"554501","TD4027E.TXT.r_347;TD4027E.TXT.r_348"," phrag dog gi kun tu sbyor ba ni rnyed pa dang  bkur sti yongs su shes pa la sgrib ste / / +de'i nyes pa mi mthong ba'i phyir ro // / "
"554511","TD4027E.TXT.r_349;TD4027E.TXT.r_350"," ser sna'i kun tu sbyor ba ni yo byad  bsnyungs pa yongs su shes pa la sgrib ste / / +yo byad la lhag par zhen pa'i phyir ro // / "
"554520","TD4027E.TXT.r_351;TD4027E.TXT.r_352"," dge la sogs pa bcu la gzhan // / +dge ba la sogs pa rnam pa bcu la sgrib pa gzhan du rig par bya'o // / "
"554530","TD4027E.TXT.r_353;TD4027E.TXT.r_354;TD4027E.TXT.r_355"," sgrib pa de ni gang / / +dge ba la sogs pa ni gang zhe na / / +sbyor ba med dang skye mched  min // / ","5.960#TD4032E.TXT.r#1932066#1932069#TD4032E.TXT.r_1980;TD4032E.TXT.r_1981;TD4032E.TXT.r_1982# de'i phyir / / +sbyor BA MED DANG SKYE MCHED MIN // / +rnal 'byor min pas gang bskyed dang / / "
"554540","TD4027E.TXT.r_356;TD4027E.TXT.r_357"," rnal 'byor min pas gang bskyed dang / / +skye ba med dang yid mi byed // / ","0.0#TD4021E.TXT.r#2100776#2100785#TD4021E.TXT.r_111;TD4021E.TXT.r_112;TD4021E.TXT.r_113;TD4021E.TXT.r_114;TD4021E.TXT.r_115# dge la sogs pa bcu la gzhan // / +sbyor ba med dang skye mched min // / +rnal 'byor MIN PAS GANG BSKYED DANG / / "
"554549","TD4027E.TXT.r_358;TD4027E.TXT.r_359;TD4027E.TXT.r_360"," tshogs ni rab tu ma rdzogs dang / / +rigs dang bshes gnyen mi ldan dang / / +sems ni yongs su skyo ba dang / / ","0.0#TD4021E.TXT.r#2100786#2100797#TD4021E.TXT.r_114;TD4021E.TXT.r_115;TD4021E.TXT.r_116;TD4021E.TXT.r_117;TD4021E.TXT.r_118;TD4021E.TXT.r_119# skye ba  med dang yid mi byed // / +tshogs NI RAB TU MA RDZOGS DANG / / "
"554558","TD4027E.TXT.r_361;TD4027E.TXT.r_362;TD4027E.TXT.r_363"," sgrub pa dang yang mi ldan dang / / +skye bo ngan dang 'grogs pa dang /// / +rang gi gnas ngan len gsum las // / "
"554568","TD4027E.TXT.r_364;TD4027E.TXT.r_365;TD4027E.TXT.r_366"," lhag ma shes rab ma smin dang / / +rang bzhin gyis ni gnas ngan len // / +le lo dang yang bdag med dang / / ","0.022#TD4021E.TXT.r#2100812#2100813#TD4021E.TXT.r_121;TD4021E.TXT.r_122;TD4021E.TXT.r_123;TD4021E.TXT.r_124# lhag ma shes  RAB MA SMIN DANG / / +rang BZHIN GYIS NI GNAS NGAN LEN // / +le LO DANG YANG BAG MED DANG / / "
"554576","TD4027E.TXT.r_367;TD4027E.TXT.r_368;TD4027E.TXT.r_369"," srid dang longs spyod chags pa dang / / +sems ni zhum par gyur pa dang / / +ma dad pa dang ma mos  dang ; / / ","0.0#TD4021E.TXT.r#2100814#2100821#TD4021E.TXT.r_122;TD4021E.TXT.r_123;TD4021E.TXT.r_124;TD4021E.TXT.r_125;TD4021E.TXT.r_126;TD4021E.TXT.r_127# rang bzhin gyis ni gnas ngan len // / +le lo dang yang bag med dang / / +srid DANG LONGS SPYOD CHAGS PA DANG / / "
"554584","TD4027E.TXT.r_370;TD4027E.TXT.r_371"," sgra bzhin du ni dpyod pa dang / / +dam chos ched cher mi 'dzin dang / / ","0.0#TD4021E.TXT.r#2100829#2100829#TD4021E.TXT.r_128;TD4021E.TXT.r_129# dam CHOS CHED CHER MI 'DZIN DANG / / +rnyed la  gdu dang snying rje med // / "
"554592","TD4027E.TXT.r_372;TD4027E.TXT.r_373;TD4027E.TXT.r_374"," rnyed la gdu dang snying rje med // / +thos pas phongs dang nyung ba dang / / +ting 'dzin skyangs pa ma byas pa'o // / ","0.0#TD4021E.TXT.r#2100830#2100837#TD4021E.TXT.r_128;TD4021E.TXT.r_129;TD4021E.TXT.r_130;TD4021E.TXT.r_131# dam chos ched cher mi 'dzin dang / / +rnyed la  GDU DANG SNYING RJE MED // / "
"554603","TD4027E.TXT.r_375;TD4027E.TXT.r_376;TD4027E.TXT.r_377"," de dag ni sgrib pa'o // / +dge ba la sogs pa gang zhe na // / +dge dang byang chub yang  dag 'dzin // / "
"554612","TD4027E.TXT.r_378;TD4027E.TXT.r_379"," blo ldan 'khrul med sgrib pa med // / +bsngo dang mi skrag ser sna med // / ","0.0#TD4021E.TXT.r#2100845#2100854#TD4021E.TXT.r_132;TD4021E.TXT.r_133;TD4021E.TXT.r_134;TD4021E.TXT.r_135# dge dang byang chub yang dag 'dzin // / +blo LDAN 'KHRUL MED SGRIB PA MED // / ","0.0#TD4032E.TXT.r#1932111#1932115#TD4032E.TXT.r_1990;TD4032E.TXT.r_1991;TD4032E.TXT.r_1992# yang dag 'dzin / / +blo LDAN 'KHRUL MED SGRIB PA MED // / "
"554622","TD4027E.TXT.r_380;TD4027E.TXT.r_381;TD4027E.TXT.r_382"," dbang ni dge la sogs pa'o // / +zhes bya ba'o // / +dge ba la sogs pa 'di dag la gang gang la sgrib pa du yod par shes par bya zhe na / / ","0.020#TD4021E.TXT.r#2100854#2100854#TD4021E.TXT.r_134;TD4021E.TXT.r_135# bsngo dang mi skrag ser sna med // / +dbang NI DGE LA SOGS PA'O // / "
"554636","TD4027E.TXT.r_383;TD4027E.TXT.r_384;TD4027E.TXT.r_385;TD4027E.TXT.r_386"," de dag gi ni sgrib pa rnams // / +gsum  gsum dag tu shes par bya // / +zhes gsungs so // / +dge ba la sgrib pa gsum ni sbyor ba med pa dang  skye mched ma yin pa la sbyor ba dang  tshul bzhin ma yin pa la sbyor ba'o // / "
"554653","TD4027E.TXT.r_387"," byang chub kyi sgrib pa gsum ni dge ba mi bskyed pa dang  yid la mi byed pa dang   tshogs yongs su ma rdzogs pa'o // / "
"554661","TD4027E.TXT.r_388;TD4027E.TXT.r_389"," yang dag par 'dzin pa ni byang chub tu sems bskyed pa ste / / +de'i sgrib pa gsum ni rigs dang mi ldan pa dang  dge ba'i bshes gnyen dang mi ldan pa dang  sems yongs su skyo ba'o // / "
"554673","TD4027E.TXT.r_390;TD4027E.TXT.r_391"," blo dang ldan pa ni byang chub sems dpa'  nyid de / / +de'i rab tu shes pa la sgrib pa gsum ni sgrub pa dang mi ldan pa dang  skye bo ngan pa dang 'grogs pa dang  skye bo sdang ba dang 'grogs pa'o // / "
"554687","TD4027E.TXT.r_392;TD4027E.TXT.r_393"," de la skye bo ngan pa ni skye bo blun pa'o // / +skye bo sdang ba ni zhe 'gras pa rnams so // / "
"554695","TD4027E.TXT.r_394"," 'khrul pa med pa la sgrib pa  gsum ni phyin ci log gi gnas ngan len dang  nyon mongs pa la sogs pa'i sgrib pa gsum las lhag ma gang yang rung ba dang  rnam par grol ba yongs su smin par byed pa'i shes rab yongs su ma smin pa'o // / ","0.028#TD4032E.TXT.r#1933882#1933882#TD4032E.TXT.r_2270# de'i byed RGYU GSUM NI PHYIN CI LOG GI GNAS NGAN LEN BCOM ba dang  nyon mongs pa  LA SOGS PA'I SGRIB PA GSUM MED pa dang  RNAM PAR GROL BA YONGS SU SMIN PAR BYED PA'I SHES RAB YONGS SU SMIN PA'O // / "
"554712","TD4027E.TXT.r_395;TD4027E.TXT.r_396"," sgrib pa spangs pa ni sgrib pa med pa ste / / +de la sgrib    pa gsum ni lhan cig skyes pa'i gnas ngan len dang  le lo dang bag med pa'o // / "
"554723","TD4027E.TXT.r_397"," yongs su bsngo ba'i sgrib pa gsum ni gang dag gis sems gzhan du yongs su sngo bar byed kyi / / ","0.024#TD4032E.TXT.r#1933026#1933026#TD4032E.TXT.r_2136;TD4032E.TXT.r_2137# nyan thos  la sogs pa'i byang chub tu SEMS YONGS SU SNGO BAR BYED KYI / / +bla na med pa yang dag par rdzogs pa'i byang chub tu mi bsngo'o // / "
"554732","TD4027E.TXT.r_398;TD4027E.TXT.r_399"," bla na med pa yang dag par rdzogs pa'i byang chub tu ni yongs su mi bsngo ba ste / / +srid pa la chags  pa dang  longs spyod la chags pa dang  sems zhum pa'o // / "
"554742","TD4027E.TXT.r_400"," mi skrag pa'i sgrib pa gsum ni gang zag la mi srid snyam pa dang  chos la mi mos pa dang  don la sgra ji bzhin du dpyod pa'o // / "
"554754","TD4027E.TXT.r_401"," ser sna med pa'i sgrib pa gsum ni dam pa'i chos la ched cher mi 'dzin pa dang  rnyed pa dang  bkur sti dang  mchod pa la ched cher 'dzin pa dang  sems can rnams la snying rje med pa'o // / "
"554768","TD4027E.TXT.r_402;TD4027E.TXT.r_403;TD4027E.TXT.r_404"," dbang gi sgrib pa gsum ni / / +gang dag gis dbang byed pa mi 'thob pa ste / / +chos kyis phongs par 'gyur ba'i las bskyed pas thos pas phongs pa dang   thos pas nyung ba dang  ting nge 'dzin yongs su sbyang ba ma byas pa'o // / ","0.020#TD4032E.TXT.r#1933321#1933322#TD4032E.TXT.r_2184;TD4032E.TXT.r_2185# rtsa lag rnams dang  gtan du bral ba la rtsa lag gis phongs pa'o zhes bya ba lta bu'o // / +thos pas phongs pa de yang chos KYIS PHONGS PAR 'GYUR PA'I LAS SKYES pas 'gyur te / / "
"554785","TD4027E.TXT.r_405"," sgrib pa 'di ni dge ba la sogs pa don gang la byed rgyu bcur 'gyur ba don de'i skabs kyis rig par bya ste / / "
"554798","TD4027E.TXT.r_406"," byed rgyu bcu la 'byung ba'i byed rgyu ni dper na mig gi rnam par shes pa la sogs pa'i mig la  sogs pa lta bu'o // / ","0.028#TD4093.1E.TXT.r#849032#849033#TD4093.1E.TXT.r_13553;TD4093.1E.TXT.r_13554# cung zad cig ni byed rgyu da ltar byung ba'i yang bdag po'i 'bras bu yin te / / +dper NA MIG GI RNAM PAR SHES PA LTA BU'O // / ","0.029#TD4016.3E.TXT.r#267400#267400#TD4016.3E.TXT.r_6731# DPER NA MIG GI DBANG po la sogs PAS NI MIG GI RNAM PAR SHES PA LA SOGS PA'I GNAS kyi dngos po'o // / "
"554809","TD4027E.TXT.r_407;TD4027E.TXT.r_408"," gnas pa'i byed rgyu ni dper na sems can rnams kyi zas bzhi lta bu'o // / +rten pa'i byed rgyu ni gang gi gnas su gang gyur pa ste / / "
"554821","TD4027E.TXT.r_409;TD4027E.TXT.r_410"," dper na sems can gyi 'jig rten gyi khams kyi snod kyi 'jig rten lta bu'o // / +gsal ba'i byed rgyu ni dper na  gzugs kyi snang ba lta bu'o // / ","0.016#TD4049E.TXT.r#2294368#2294373#TD4049E.TXT.r_1284;TD4049E.TXT.r_1285;TD4049E.TXT.r_1286;TD4049E.TXT.r_1287# rten  PA'I BYED RGYU NI DPER NA SEMS can rnams KYIS LTA BU'O // / +gsal BA'I BYED RGYU NI / / "
"554833","TD4027E.TXT.r_411;TD4027E.TXT.r_412"," 'gyur ba'i byed rgyu ni dper na btso ba la sogs pa'i me la sogs pa lta bu'o // / +'bral ba'i byed rgyu ni dper na brda bar bya ba la sogs pa'i zor ba la sogs pa lta bu'o // / ","0.017#TD4054E.TXT.r#1006901#1006904#TD4054E.TXT.r_2655;TD4054E.TXT.r_2656;TD4054E.TXT.r_2657# 'gyur bar byed pa'i phyir ro // / +'bral BA'I BYED RGYU NI DPER NA / / "
"554850","TD4027E.TXT.r_413"," sgyur ba'i byed rgyu ni dper na gser la sogs pa'i gser mgar la sogs  pa lta bu ste / / "
"554858","TD4027E.TXT.r_414;TD4027E.TXT.r_415"," gang bu la sogs pa'i dngos por bsgyur ba'o // / +yid ches pa'i byed rgyu ni dper na me la sogs pa'i du ba la sogs pa lta bu'o // / ","0.012#TD4049E.TXT.r#2294397#2294403#TD4049E.TXT.r_1292;TD4049E.TXT.r_1293;TD4049E.TXT.r_1294;TD4049E.TXT.r_1295;TD4049E.TXT.r_1296# DPER NA GSER LA SOGS PA'I bzo'i GNAS LA SOGS PA LTA BU'O // / +yid CHES PA'I BYED RGYU NI / / +dper na me'i du ba lta bu'o // / ","0.014#TD4049E.TXT.r#2294352#2294356#TD4049E.TXT.r_1281;TD4049E.TXT.r_1282;TD4049E.TXT.r_1283# 'byung ba'i byed rgyu ni / / +dper na rnam par shes pa'i ni rnam par shes pa'i TSHOGS PA LTA BU'O // / ","0.020#TD4049E.TXT.r#2294382#2294383#TD4049E.TXT.r_1288;TD4049E.TXT.r_1289;TD4049E.TXT.r_1290# dper na shing gi me lta bu'o // / +'bral ba'i byed rgyu ni / / +dper na rnga bar byed pa'i ZOR BA LTA BU'O // / ","0.022#TD4054E.TXT.r#1006841#1006841#TD4054E.TXT.r_2640;TD4054E.TXT.r_2641;TD4054E.TXT.r_2642# phyogs 'dis ni de lta bu'i rang bzhin can gzhan la yang mngon par brtag pa'i phyir ro // / +rab tu dbye bas ji lta bu / / +'byung BA'I BYED RGYU NI DPER NA MIG LA SOGS PA tshogs  pa las rnam PAR SHES PA LTA BU'O // / ","0.029#TD4054E.TXT.r#1006957#1006958#TD4054E.TXT.r_2667;TD4054E.TXT.r_2668# 'thob PA'I BYED RGYU NI DPER NA MYA ngan las 'das pa'i lam lta bu'o // / "
"554869","TD4027E.TXT.r_416;TD4027E.TXT.r_417"," yid ches par byed pa'i byed rgyu ni dper na dam bcas pa dang gtan tshigs lta bu'o // / +'thob pa'i byed rgyu ni dper na mya ngan las     // / "
"554881","TD4027E.TXT.r_418;TD4027E.TXT.r_419"," 'das pa la sogs pa'i lam la sogs pa lta bu'o // / +de bzhin du skye ba la sgrib pa ni dge ba la sgrib pa ste de bskyed par bya ba'i phyir ro // / "
"554893","TD4027E.TXT.r_420;TD4027E.TXT.r_421"," gnas pa la sgrib pa ni byang chub la sgrib ste de mi 'khrugs pa'i phyir ro // / +rten gyi sgrib pa ni yang dag par 'dzin pa la  sgrib ste / / ","0.0#TD4032E.TXT.r#1933790#1933793#TD4032E.TXT.r_2255;TD4032E.TXT.r_2256# de'i phyir rten GYI SGRIB PA NI YANG DAG PAR 'DZIN PA LA SGRIB STE / / "
"554904","TD4027E.TXT.r_422;TD4027E.TXT.r_423"," byang chub kyi sems gzhir gyur pa'i phyir ro // / +gsal ba la sgrib pa ni blo dang ldan pa la sgrib ste / / "
"554912","TD4027E.TXT.r_424;TD4027E.TXT.r_425;TD4027E.TXT.r_426"," de bstan par bya ba'i phyir ro // / +'gyur ba la sgrib pa ni 'khrul pa med pa la sgrib ste / / +de ni 'khrul pa ldog pas 'gyur ba'i phyir ro // / "
"554922","TD4027E.TXT.r_427;TD4027E.TXT.r_428;TD4027E.TXT.r_429"," 'bral ba la sgrib pa ni  sgrib pa med pa la sgrib ste / / +de'i sgrib pa dang bral ba'i phyir ro // / +sgyur ba la sgrib pa ni bsngo ba la sgrib ste / / "
"554933","TD4027E.TXT.r_430;TD4027E.TXT.r_431"," byang chub tu sems yongs su bsngo ba'i mtshan nyid kyi phyir ro // / +yid ches pa la sgrib pa ni mi skrag pa la sgrib ste / / "
"554942","TD4027E.TXT.r_432;TD4027E.TXT.r_433"," yid mi ches pas skrag pa'i phyir ro // / +yid ches par byed pa la sgrib pa ni ser sna med pa la sgrib ste / / ","0.027#TD4032E.TXT.r#1934058#1934060#TD4032E.TXT.r_2299;TD4032E.TXT.r_2300# yid ches par byed pa'i rgyu dang 'gal bas yid CHES PAR BYED PA LA SGRIB PA NI / / "
"554951","TD4027E.TXT.r_434;TD4027E.TXT.r_435"," chos la ser sna med pas gzhan yid ches par byed pa'i phyir ro // / +thob pa la sgrib pa ni dbang la sgrib ste / / "
"554961","TD4027E.TXT.r_436;TD4027E.TXT.r_437;TD4027E.TXT.r_438"," dbang byed pa thob pa'i mtshan nyid kyi phyir ro // / +byed rgyu bcu ni skye ba dang / / +gnas pa rten  dang bstan bya dang / / ","0.0#TD4021E.TXT.r#2100866#2100869#TD4021E.TXT.r_137;TD4021E.TXT.r_138;TD4021E.TXT.r_139;TD4021E.TXT.r_140# gsum gsum dag tu shes par bya // / +byed RGYU BCU NI SKYE BA DANG / / +gnas PA RTEN DANG BSTAN BYA DANG / / "
"554972","TD4027E.TXT.r_439;TD4027E.TXT.r_440;TD4027E.TXT.r_441"," 'gyur dang 'bral dang gzhan du dang / / +yid ches go 'byed 'thob rnams la // / +mig dang zas sa mar me dang / / ","0.0#TD4021E.TXT.r#2100870#2100881#TD4021E.TXT.r_139;TD4021E.TXT.r_140;TD4021E.TXT.r_141;TD4021E.TXT.r_142;TD4021E.TXT.r_143;TD4021E.TXT.r_144# gnas pa rten dang bstan bya dang / / +'gyur DANG 'BRAL DANG GZHAN DU DANG / / "
"554982","TD4027E.TXT.r_442;TD4027E.TXT.r_443;TD4027E.TXT.r_444"," me la sogs pa de yi dpe // / +zor ba bzo shes du ba dang / / +rgyu dang lam la sogs pa gzhan // / ","0.0#TD4032E.TXT.r#1934338#1934341#TD4032E.TXT.r_2343;TD4032E.TXT.r_2344;TD4032E.TXT.r_2345;TD4032E.TXT.r_2346# mig dang zas sam mar me dang / / +me LA SOGS PA DE YI DPE // / +zor BA BZO SHES DU BA DANG / / "
"554992","TD4027E.TXT.r_445;TD4027E.TXT.r_446"," dge ba la sogs pa'i  go rims ni 'di yin te / / +byang chub thob par 'dod pas thog ma nyid du dge ba'i rtsa ba bskyed par bya'o // / "
"555005","TD4027E.TXT.r_447"," de'i 'og tu dge ba'i rtsa ba'i stobs bskyed na byang chub thob par bya'o // / "
"555013","TD4027E.TXT.r_448;TD4027E.TXT.r_449"," dge ba'i rtsa ba bskyed pa de'i gnas ni byang chub kyi sems so // / +byang chub kyi sems  de'i gnas ni byang chub sems dpa'o // / "
"555023","TD4027E.TXT.r_450;TD4027E.TXT.r_451"," byang chub kyi sems bskyed de / / +dge ba'i rtsa ba'i stobs bskyed pa thob pa'i byang chub sems dpa' des phyin ci log spang ba'i phyir phyin ci ma log pa bskyed par bya'o // / ","0.018#TD4034.1E.TXT.r#900808#900808#TD4034.1E.TXT.r_1449;TD4034.1E.TXT.r_1450# theg pa chen po la brten PA'I BYANG CHUB SEMS DPA' RNAMS kyi bla na med pa'i byang chub tu 'tshang rgya ba'i sa bon ni byang chub kyi sems te / / +de YANG BYANG CHUB SEMS DPA'I RIGS la gnas pas BYANG CHUB TU SEMS BSKYED nas sa bon du 'gyur te / / "
"555039","TD4027E.TXT.r_452"," de'i 'og tu mthong ba'i lam la phyin ci ma log pas bsgom    pa'i lam gyi sgrib pa thams cad spang bar bya'o // / "
"555049","TD4027E.TXT.r_453"," sgrib pa spangs nas dge ba'i rtsa ba thams cad bla na med pa yang dag par rdzogs pa'i byang chub tu yongs su bsngo bar bya'o // / ","0.028#TD4029E.TXT.r#2161371#2161371#TD4029E.TXT.r_5370;TD4029E.TXT.r_5371# rigs kyi stobs kyis theg pa chen po'i chos zab cing rgya che  ba bshad pa la mos pa gang yin pa de ni mos pa'o // / +de'i 'og TU BLA NA MED PA YANG DAG PAR RDZOGS PA'I BYANG CHUB TU SEMS skyed par byed do // / "
"555059","TD4027E.TXT.r_454"," de'i 'og tu bsngo ba'i stobs bskyed nas chos zab cing rgya che ba bstan pa dag la mi skrag par  bya'o // / "
"555070","TD4027E.TXT.r_455"," de ltar mi skrag pa'i yid kyis chos rnams kyi yon tan mthong nas gzhan dag la chos de dag rgya cher yang dag par bstan par bya'o // / "
"555082","TD4027E.TXT.r_456"," de'i 'og tu byang chub sems dpa' de ltar yon tan sna tshogs kyi stobs bskyed pa thob pa de myur du bla na med pa yang dag par rdzogs  pa'i byang chub thob nas chos thams cad la dbang 'thob po // / "
"555099","TD4027E.TXT.r_457;TD4027E.TXT.r_458;TD4027E.TXT.r_459"," phyogs dang pha rol phyin sa la // / +sgrib pa dag ni gzhan yin no // / +byang chub kyi phyogs kyi chos rnams la sgrib pa ni / / "
"555108","TD4027E.TXT.r_460;TD4027E.TXT.r_461;TD4027E.TXT.r_462"," gzhi la mi mkhas le lo dang / / +gnyis kyis ting 'dzin nyams pa dang / / +mi skyed pa dang nyam chung dang / / ","0.0#TD4021E.TXT.r#2100897#2100905#TD4021E.TXT.r_147;TD4021E.TXT.r_148;TD4021E.TXT.r_149;TD4021E.TXT.r_150;TD4021E.TXT.r_151# sgrib pa dag ni gzhan yin no // / +gzhi LA MI MKHAS LE LO DANG / / +gnyis KYIS TING 'DZIN NYAMS PA DANG / / "
"555118","TD4027E.TXT.r_463;TD4027E.TXT.r_464"," lta dang gnas ngan len skyon chags // / +gzhi la mi mkhas pa ni dran pa nye bar gzhag pa rnams la sgrib po // / "
"555127","TD4027E.TXT.r_465;TD4027E.TXT.r_466"," le lo ni yang dag par spong ba rnams la sgrib po // / +gnyis kyi ting nge 'dzin nyams pa ni 'dun pa dang  brtson 'grus dang  sems pa dang  dpyod pa rnams las gang yang rung ba zhig ma tshang bas yongs su ma rdzogs pa dang  spong ba'i 'du byed bsgom pa ma tshang bas rdzu 'phrul gyi rkang pa rnams la sgrib po // / ","0.017#TD4032E.TXT.r#1934756#1934756#TD4032E.TXT.r_2422# de'i phyir 'dun pa dang  BRTSON 'GRUS DANG SEMS DANG  DPYOD PA RNAMS LAS GANG YANG RUNG BA ZHIG MA TSHANG BA YONGS SU MA RDZOGS PA DANG  spong ba'i 'du  BYED BSGOM PA MA TSHANG BAS ZHES bya ba smos so // / "
"555148","TD4027E.TXT.r_467;TD4027E.TXT.r_468"," thar ba'i cha dang mthun pa rnams mi skyed ba ni dbang po rnams la sgrib po // / +dbang po  de dag nyam chung ba ni stobs rnams la sgrib ste / / "
"555158","TD4027E.TXT.r_469;TD4027E.TXT.r_470;TD4027E.TXT.r_471"," mi mthun pa'i phyogs dang 'dres pa'i phyir ro // / +lta ba'i nyes pa ni byang chub kyi yan lag rnams la sgrib ste / / +de dag mthong ba'i lam gyis rab tu phye ba'i phyir ro // / "
"555170","TD4027E.TXT.r_472;TD4027E.TXT.r_473"," gnas ngan len gyi nyes pa ni lam gyi yan lag rnams la  sgrib ste / / +de dag bsgom pa'i lam gyis rab tu phye ba'i phyir ro // / "
"555182","TD4027E.TXT.r_474;TD4027E.TXT.r_475;TD4027E.TXT.r_476;TD4027E.TXT.r_477"," pha rol tu phyin pa rnams la sgrib pa ni / / +phyug po dang ni bde 'gro dang / / +sems can mi gtong sgrib pa dang / / +nyes pa dag dang yon tan rnams // / ","5.960#TD4021E.TXT.r#2100912#2100915#TD4021E.TXT.r_151;TD4021E.TXT.r_152;TD4021E.TXT.r_153;TD4021E.TXT.r_154;TD4021E.TXT.r_155# lta dang gnas ngan len skyon chags // / +phyug po  DANG NI BDE 'GRO DANG / / +sems CAN MI GTONG SGRIB PA DANG / / ","0.014#TD4032E.TXT.r#1935185#1935187#TD4032E.TXT.r_2481;TD4032E.TXT.r_2482;TD4032E.TXT.r_2483;TD4032E.TXT.r_2484# de'i 'og tu PHA ROL TU PHYIN PA RNAMS KYI bshad dgos pas de'i phyir / / +PHA ROL TU PHYIN PA RNAMS LA SGRIB PA NI / / +phyug PO DANG NI BDE 'GRO DANG / / "
"555191","TD4027E.TXT.r_478;TD4027E.TXT.r_479;TD4027E.TXT.r_480;TD4027E.TXT.r_481"," 'bri dang 'phel dang 'dzud pa dang / / +grol bar byed dang     // / +mi zad dang / / +dge ba rgyun mi 'chad pa dang / / ","0.0#TD4021E.TXT.r#2100916#2100931#TD4021E.TXT.r_153;TD4021E.TXT.r_154;TD4021E.TXT.r_155;TD4021E.TXT.r_156;TD4021E.TXT.r_157;TD4021E.TXT.r_158;TD4021E.TXT.r_159# sems can mi gtong sgrib pa dang / / +nyes pa dag dang yon tan rnams // / +'bri DANG 'PHEL DANG 'DZUD PA DANG / / "
"555200","TD4027E.TXT.r_482;TD4027E.TXT.r_483"," nges par byed dang chos rnams la // / +longs par spyod dang yongs smin byed // / "
"555209","TD4027E.TXT.r_484"," 'di la pha rol tu phyin pa bcu po dag ni pha rol tu phyin pa gang gi 'bras bu gang yin pa de la sgrib pas de'i sgrib pa zhes brjod pa yin no // / ","0.0#TD4032E.TXT.r#1935196#1935201#TD4032E.TXT.r_2486# 'di LA PHA ROL TU PHYIN PA BCU PO DAG GI PHA ROL TU PHYIN PA GANG GI 'BRAS BU GANG YIN PA DE LA SGRIB PAS DE'I SGRIB PA ZHES BRJOD PA YIN NO // / "
"555221","TD4027E.TXT.r_485"," de la sbyin pa'i pha rol tu phyin pa'i 'bras bu phyug po dang  bdag po la sgrib pas sgrib pa'o // / ","0.020#TD4032E.TXT.r#1935272#1935273#TD4032E.TXT.r_2495;TD4032E.TXT.r_2496# DE LA SBYIN PA'I PHA ROL TU PHYIN PA'I 'BRAS BU ni gtso bor NI PHYUG PO DANG BDAG PO'O // / +tshul khrims KYI PHA ROL TU PHYIN PA'I 'BRAS BU ni bde 'gro'o // / "
"555229","TD4027E.TXT.r_486;TD4027E.TXT.r_487"," tshul khrims kyi pha rol tu phyin pa'i 'bras bu bde 'gro la sgrib po // / +bzod pa'i pha rol tu phyin pa'i 'bras bu sems can yongs su mi gtong ba la sgrib po // / "
"555240","TD4027E.TXT.r_488"," brtson 'grus kyi pha rol  tu phyin pa'i 'bras bu nyes pa dang yon tan 'bri zhing 'phel ba la sgrib po // / "
"555252","TD4027E.TXT.r_489"," bsam gtan gyi pha rol tu phyin pa'i 'bras bu gdul bya 'jud pa la sgrib po // / "
"555260","TD4027E.TXT.r_490;TD4027E.TXT.r_491"," shes rab kyi pha rol tu phyin pa'i 'bras bu rnam par grol bar byed pa la sgrib po // / +thabs kyi pha rol tu phyin pa'i 'bras bu  sbyin pa la sogs pa mi zad pa la sgrib ste / / "
"555273","TD4027E.TXT.r_492;TD4027E.TXT.r_493"," byang chub tu yongs su bsngos pas de mi zad pa'i phyir ro // / +smon lam gyi pha rol tu phyin pa'i 'bras bu tshe rabs thams cad du dge ba rgyun mi 'chad par 'byung ba la sgrib ste / / ","0.029#TD4032E.TXT.r#1935306#1935308#TD4032E.TXT.r_2501;TD4032E.TXT.r_2502# thabs la mkhas PA'I PHA ROL TU PHYIN PA'I 'BRAS BU NI BYANG CHUB TU YONGS SU BSNGO BAS DGE ba mi zad pa'o // / "
"555286","TD4027E.TXT.r_494;TD4027E.TXT.r_495"," smon lam gyi dbang gis de dang mthun pa'i skye ba yongs su  'dzin pa'i phyir ro // / +stobs kyi pha rol tu phyin pa'i 'bras bu dge ba de nyid nges par byed pa la sgrib ste / / "
"555298","TD4027E.TXT.r_496"," so sor brtags pa dang bsgoms pa'i stobs kyis mi mthun pa'i phyogs kyis zil gyis mi gnon pa'i phyir ro // / ","0.0#TD4032E.TXT.r#1935593#1935595#TD4032E.TXT.r_2554# SO SOR BRTAGS PA DANG BSGOMS PA'I STOBS KYIS MI MTHUN PA'I PHYOGS KYIS ZIL GYIS MI GNON PA'I PHYIR RO ZHES bya ba'o // / "
"555306","TD4027E.TXT.r_497"," ye shes kyi pha rol tu phyin pa'i 'bras bu bdag dang gzhan  chos la longs spyod pa dang  yongs su smin par byed pa la sgrib ste / / ","0.026#TD4032E.TXT.r#1935642#1935643#TD4032E.TXT.r_2561;TD4032E.TXT.r_2562# so sor ma brtags pa dang bsgom pa nyam chung ba'o // / +bdag DANG GZHAN CHOS LA LONGS SPYOD PA DANG YONGS SU SMIN PAR BYED PA LA SGRIB CES bya ba ni longs spyod pa'i 'khor gyi dkyil 'khor du rnam par gnas te / / "
"555315","TD4027E.TXT.r_498;TD4027E.TXT.r_499"," thos pa'i don sgra ji bzhin ma yin par khong du chud pa'i phyir ro // / +sa rnams la yang go rims bzhin te / / ","0.022#TD4053E.TXT.r#2998738#2998739#TD4053E.TXT.r_4505;TD4053E.TXT.r_4506;TD4053E.TXT.r_4507# de la dngos po med pa rnam par rtog pa'i gnyen por byang chub sems dpa' nyid du yod do zhes bya ba la sogs pa  gsungs te / / +yod pa'i sgra ni dngos po'i don YIN PA'I PHYIR RO // / ","0.024#TD4030E.TXT.r#2865369#2865370#TD4030E.TXT.r_52;TD4030E.TXT.r_53# de bas na mdo'i sde'i don ni brgyan par bya ba nyid du 'dir brjod pa yin no // / +ston pa'i sgra ni bshad pa'i  don yin pa'i phyir de dang de'i rjes su 'brel ba'i don ni bshad par bya ba nyid ma yin nam / / ","0.025#TD4018E.TXT.r#3060989#3060989#TD4018E.TXT.r_7408;TD4018E.TXT.r_7410# de ni blo yis 'khrul pa'o // / +thams cad mkhyen pas snang ba tha dad pa'i phyir sgra dang don tha dad par ston pa / / ","0.028#TD4093.2E.TXT.r#2004895#2004895#TD4093.2E.TXT.r_3936# dbus su yang thog ma dang  tha ma de bzhin shes par bya ba'i phyir te zhes bya ba ni ma smos kyang  dbus SU YANG GO RIMS BZHIN ZHES bya ba'i sgra ci nas kyang shes par bya ba'i phyir ro // / "
"555324","TD4027E.TXT.r_500;TD4027E.TXT.r_501"," kun tu 'gro don mchog gi don // / +rgyu mthun don gyi mchog nyid dang / / ","0.0#TD4021E.TXT.r#2100938#2100942#TD4021E.TXT.r_161;TD4021E.TXT.r_162;TD4021E.TXT.r_163# KUN DU 'GRO DON MCHOG GI DON // / +rgyu MTHUN DON GYI MCHOG NYID DANG / / ","0.0#TD4048E.TXT.r#1693481#1693486#TD4048E.TXT.r_1361;TD4048E.TXT.r_1362;TD4048E.TXT.r_1363# KUN TU 'GRO DON MCHOG GI DON // / +rgyu MTHUN DON GYI MCHOG NYID DANG / / "
"555332","TD4027E.TXT.r_502;TD4027E.TXT.r_503"," yongs su 'dzin pa med  don dang / / +rgyud rnams tha dad med don dang / / ","0.0#TD4021E.TXT.r#2100940#2100950#TD4021E.TXT.r_161;TD4021E.TXT.r_162;TD4021E.TXT.r_163;TD4021E.TXT.r_164;TD4021E.TXT.r_165# kun du 'gro don mchog gi don // / +rgyu mthun don gyi mchog nyid dang / / "
"555340","TD4027E.TXT.r_504;TD4027E.TXT.r_505;TD4027E.TXT.r_506"," nyon mongs rnam dag min don dang / / +tha dad med pa'i don nyid dang / / +bri med 'phel ba med don dang / / ","0.0#TD4021E.TXT.r#2100949#2100961#TD4021E.TXT.r_164;TD4021E.TXT.r_165;TD4021E.TXT.r_166;TD4021E.TXT.r_167;TD4021E.TXT.r_168# rgyud rnams tha DAD MED DON DANG / / +nyon MONGS RNAM DAG MIN DON DANG / / ","0.0#TD4048E.TXT.r#1693493#1693500#TD4048E.TXT.r_1364;TD4048E.TXT.r_1365;TD4048E.TXT.r_1366;TD4048E.TXT.r_1367# rgyud rnams tha dad med pa dang / / +nyon MONGS RNAM DAG MED DON DANG / / "
"555352","TD4027E.TXT.r_507;TD4027E.TXT.r_508;TD4027E.TXT.r_509"," dbang ni rnam pa bzhi yi gnas // / +chos kyi dbyings la ma rig pa // / +nyon mongs can min sgrib pa bcu // / ","0.0#TD4021E.TXT.r#2100962#2100973#TD4021E.TXT.r_167;TD4021E.TXT.r_168;TD4021E.TXT.r_169;TD4021E.TXT.r_170;TD4021E.TXT.r_171# bri med 'phel ba med  don dang / / +dbang NI RNAM PA BZHI YI GNAS // / ","0.0#TD4048E.TXT.r#1693508#1693514#TD4048E.TXT.r_1368;TD4048E.TXT.r_1369;TD4048E.TXT.r_1370;TD4048E.TXT.r_1371# dbang ni rnam pa  BZHI YI GNAS // / +chos KYI DBYINGS LA MA RIG PA // / +nyon MONGS CAN MIN SGRIB PA BCU / / "
"555363","TD4027E.TXT.r_510;TD4027E.TXT.r_511;TD4027E.TXT.r_512"," sa bcu'i    mi mthun phyogs rnams kyi // / +gnyen po dag ni sa yin no // / +kun tu 'gro ba'i don la sogs pa'i chos kyi dbyings rnam pa bcu la nyon mongs pa can ma yin pa'i mi shes pa gang yin pa de ni byang chub sems dpa'i sa bcu la go rims bzhin du sgrib ste / / ","0.0#TD4021E.TXT.r#2100972#2100973#TD4021E.TXT.r_170;TD4021E.TXT.r_171# nyon mongs can min sgrib pa bcu // / +sa BCU'I MI MTHUN PHYOGS RNAMS KYI // / ","0.0#TD4032E.TXT.r#1935937#1935939#TD4032E.TXT.r_2597# DE LA NYON MONGS PA CAN MA YIN PA'I MI SHES PA GANG YIN PA DE NI BYANG CHUB SEMS DPA'I SA BCU LA RNAM pa BCUR GO RIMS BZHIN DU SGRIB STE / / ","0.0#TD4048E.TXT.r#1693513#1693514#TD4048E.TXT.r_1370;TD4048E.TXT.r_1371# nyon mongs can min sgrib pa bcu / / +sa BCU'I MI MTHUN PHYOGS RNAMS KYI // / "
"555381","TD4027E.TXT.r_513;TD4027E.TXT.r_514;TD4027E.TXT.r_515"," de'i mi mthun pa'i phyogs su gyur  pa'i phyir ro // / +'di lta ste / / +sa dang po la ni chos kyi dbyings kun tu 'gro ba'i don la kun tu 'gro ba'i don du rtogs te / / "
"555395","TD4027E.TXT.r_516;TD4027E.TXT.r_517"," des bdag dang gzhan mnyam pa nyid rab tu 'thob po // / +gnyis pa la ni mchog gi don du rtogs te / / "
"555404","TD4027E.TXT.r_518;TD4027E.TXT.r_519"," des 'di snyam du sems te / / +de lta bas na bsgrub tu mtshungs  pa la bdag gis rnam pa thams cad du yongs su sbyong ba mngon par bsgrub pa nyid la mngon par brtson par bya'o snyam mo // / ","0.024#TD4032E.TXT.r#1936283#1936286#TD4032E.TXT.r_2654# de LTA BAS NA SGRUB DU MTSHUNGS PA LA BDAG GIS RNAM PA THAMS CAD DU YONGS SU SBYONG BA MNGON PAR BSGRUB PA NYID LA BRTSON PAR BYA'O SNYAM MO ZHES lung las  bshad do // / "
"555419","TD4027E.TXT.r_520;TD4027E.TXT.r_521"," gsum pa la ni de'i rgyu mthun pa don gyi mchog tu rtogs te / / +des chos kyi dbyings kyi rgyu mthun pa thos pa mchog tu rig nas / / "
"555430","TD4027E.TXT.r_522"," de'i phyir me'i 'obs stong  gsum gyi stong chen po'i tshad tsam du yang bdag nyid mchod do // / "
"555441","TD4027E.TXT.r_523;TD4027E.TXT.r_524"," bzhi pa la ni yongs su 'dzin pa med pa'i don du rtogs te / / +'di ltar chos la sred pa la yang ldog go // / "
"555450","TD4027E.TXT.r_525;TD4027E.TXT.r_526"," lnga pa la ni rgyud tha dad pa med pa'i don du rtogs te / / +sems dang bsam pa rnam par dag pa mnyam pa nyid  rnam pa bcus rtogs so // / "
"555462","TD4027E.TXT.r_527;TD4027E.TXT.r_528"," drug pa la ni kun nas nyon mongs pa dang  rnam par dag pa ma yin pa'i don du rtogs te / / +rten cing 'brel bar 'byung ba'i don la gang kun nyon mongs par 'gyur ba'am rnam par dag par 'gyur ba'i chos de gang yin yang med par rab tu rtogs  pa'i phyir ro // / ","0.011#TD4097E.TXT.r#2214414#2214416#TD4097E.TXT.r_1335;TD4097E.TXT.r_1336# sbyin pa dang mi mthun pa sred pa'i rgyu mthun pa'i chos ni ser sna'o // / +kun du sbyor ba'i don ni 'ching ba'i don te zhes bya ba ni kun du 'dre bar byed pas kun du sbyor ba rnams so // / ","0.012#TD4098E.TXT.r#1391951#1391951#TD4098E.TXT.r_340;TD4098E.TXT.r_341# de nyid kun du sbyor bas ser sna'i kun du sbyor ba'o // / +kun du sbyor ba'i don ni 'ching ba'i don te / / ","0.012#TD4054E.TXT.r#1003448#1003448#TD4054E.TXT.r_2053;TD4054E.TXT.r_2054# rang gi dang gis te dge  ba'i bshes gnyen la sogs pa'i stobs kyis ni ma yin zhes bya ba'i don to // / +'dod pas kun du gnas pa'o zhes bya ba ni / / ","0.014#TD4047E.TXT.r#1148558#1148558#TD4047E.TXT.r_4032;TD4047E.TXT.r_4033# de bzhin du 'das pa'i skye ba gzhan dag kyang rjes su dran no zhes bya ba'i don to // / +mi tha mal pas mthong ba'i chos 'di nyid kyi gang dran par mi nus pa de ni cha phra ba'o // / ","0.016#TD4018E.TXT.r#3081335#3081336#TD4018E.TXT.r_10082;TD4018E.TXT.r_10083# 'phags pa lang kar gshegs pa'i bshad pa ye shes dpal bzang pos sbyar ba'i le'u  gsum pa las sangs rgyas kyi chos dpyad pa'i 'og tu rten cing 'brel te 'byung ba dang mi rtag pa la sogs pa'i chos thor bu dpyad pa bcva lnga pa'o //// / +thams cad mkhyen pas rgyu dang 'bras bu'i dngos por dgongs pa'i bsdu ba'i don ni 'di yin te / / ","0.017#TD4013E.TXT.r#613424#613424#TD4013E.TXT.r_417# de ltar na bsod nams kyi tshogs yongs su gzung ba'i phyir thabs kyi khyad par pha rol mi dpogs pa byang chub sems dpa' chen po kun du bzang po'i spyod pas  'thob par byed pa'i mtshan nyid kyi 'di ni dad pas bskyed pa'i sems kyis thos pa'i tshe yang sems kyi rgyun RNAM PAR DAG PAR BYED na rtag tu byed pas nyin gcig bzhin du dus gsum du bsgrub pas lta smos kyang ci dgos / / ","0.017#TD4010E.TXT.r#2259340#2259340#TD4010E.TXT.r_3714;TD4010E.TXT.r_3715# sangs rgyas kyi bsam gtan dang  ting nge 'dzin dang  snyoms par 'jug pa la rab tu 'jug pa ni de la mngon par mos pas rab tu 'jug pa'o // / +tshigs su bcad pa'i don ni tha dad med pas ma bkrol lo // / ","0.018#TD4054E.TXT.r#1046971#1046971#TD4054E.TXT.r_8860;TD4054E.TXT.r_8861# de yang gang / / +yongs su shes par bya ba'i dngos po dang  yongs su shes par bya ba'i don dang  yongs su shes par bya ba'i rgyu dang  yongs  su shes pa dang  yongs su shes pa'i 'bras bu dang  de rab tu shes pa'o // / ","0.019#TD4035E.TXT.r#159994#159994#TD4035E.TXT.r_6106;TD4035E.TXT.r_6107# rkyen tshogs pas yongs su zin pa rnams sar pa sar pa 'byung ba'i don gang yin pa'o // / +rten CING 'BREL PAR 'BYUNG BA ni gang / / ","0.020#TD4044E.TXT.r#386664#386665#TD4044E.TXT.r_955;TD4044E.TXT.r_956;TD4044E.TXT.r_957# de dag kun gyi rten du gyur pa ni 'byung ba las gyur pa'o // / +de dag kun kyang tshor ba'i  don te / / ","0.020#TD4053E.TXT.r#2983428#2983428#TD4053E.TXT.r_2560;TD4053E.TXT.r_2561# de dag gis SEMS KUN NAS NYON MONGS PA CAN du gyur ba rnams kyi nyon mongs pa'i bsam gtan gyi sgo nas gzugs dang gzugs med  na spyod PA'I NYON MONGS PA DANG NYE ba'i nyon mongs pa thams cad bsgribs pa'i lung du mi ston par 'gyur ba'i phyir ro // / +de la sred pas ni ro myang BA'I KUN NAS NYON MONGS PAS KUN NAS NYON MONGS TE / / ","0.020#TD4054E.TXT.r#1024699#1024699#TD4054E.TXT.r_5582;TD4054E.TXT.r_5583# de dag ni SEMS KUN NAS NYON MONGS PA CAN du 'gyur ba rnams kyi nyon mongs pa'i bsam gtan gyi sgo nas gzugs dang gzugs med pa na spyod PA'I NYON MONGS PA DANG  nye ba'i nyon mongs pa thams cad bsgribs pa'i lung du ma bstan par 'gyur ba'i phyir ro // / +de la  sred pas ni ro myang BA'I KUN NAS NYON MONGS PAS KUN NAS NYON MONGS SO // / ","0.021#TD4044E.TXT.r#388336#388337#TD4044E.TXT.r_1234;TD4044E.TXT.r_1235;TD4044E.TXT.r_1236# rang gi phyogs kyi skyon bsal ba'i don dang  rgol ba'i skabs med par     // / +rab tu bstan pas / / +'di lta bu'i de kho na'i mtshan nyid do // / ","0.021#TD4054E.TXT.r#993276#993277#TD4054E.TXT.r_261# sgra gang 'byung ba chen po bzhi rnams  kyis nye bar blangs pa rna ba'i dbang po'i gzung ba'i don gang yid du 'ong ba'am / / ","0.021#TD4047E.TXT.r#1158216#1158216#TD4047E.TXT.r_5460# mnyam pa nyid ni tshogs dang  chos kyi sku dang  'gro ba'i don kun du spyod pas rig par bya'o // / ","0.022#TD4034.1E.TXT.r#989568#989568#TD4034.1E.TXT.r_12823# sa dang po thob pa'i byang chub sems dpa'i yon tan dang phrin las su mdzad pa la ngo mtshar chen por bya ba'i chos bstan to zhes bya ba'i don to // / ","0.022#TD4093.1E.TXT.r#796043#796043#TD4093.1E.TXT.r_4897;TD4093.1E.TXT.r_4898# RNAM PAR DAG PAS RNAM PAR DAG PAR 'GYUR ZHES  bya ba ni blo dri ma dang bcas pas dri ma can du byas pa dang  dag pas dag par byas par nges par gzung ba'o // / +bsdus pa'i don ni 'di yin te / / ","0.022#TD4016.1E.TXT.r#463591#463591#TD4016.1E.TXT.r_1849# 'di ltar yi ge ni legs pa  brjod pas 'di zhes bya bar 'gyur la don ni skyon med pas bzhin zhes bya bar 'gyur ro zhe'o // / ","0.023#TD4062E.TXT.r#2964568#2964568#TD4062E.TXT.r_544;TD4062E.TXT.r_545# dbyangs kyi khyad par gang gis don go bar byed pa'o // / +las ni de slong bar byed pa'i sems pa'o // / ","0.023#TD4044E.TXT.r#388806#388806#TD4044E.TXT.r_1299# gdul bya'i sems can rnams la chos bstan  pa'i don dang  de dag nyid rab tu byang bar bya ba'i don du'o // / ","0.023#TD4035E.TXT.r#159966#159966#TD4035E.TXT.r_6100;TD4035E.TXT.r_6101# sdug bsngal ba'i dngos po'i mtshan nyid tha dad par bstan pa'i  phyir dang  'phen pa dang mngon par 'grub pa'i rab tu dbye ba yongs su bstan pa'i phyir ro // / +rten CING 'BREL PAR 'BYUNG BA'I 'jig pa'i don gang zhe na / / ","0.024#TD4035E.TXT.r#196221#196221#TD4035E.TXT.r_12487;TD4035E.TXT.r_12488# de dag spang ba ni lha mo des snga ma'i rjes su dpag pas SHES PA'I PHYIR RO // / +tha ma'i cha dang mthun pa'i kun du sbyor ba rnams spang ba'i thabs dang  ji ltar de dag legs par spong bar 'gyur  ba lus te / / ","0.024#TD4037E.TXT.r#1319436#1319436#TD4037E.TXT.r_509;TD4037E.TXT.r_510# 'ba' zhig dang gzhan dang 'brel pa dang  phan pa'i rgyu dang  bde ba'i rgyu dang  rgyur bsdus pa dang  'bras bur bsdus pa dang  tshe 'di pa dang  tshe rabs gzhan pa dang  gtan du ba dang  gtan DU BA MA YIN PA'O // / +de la bdag  gi don dang gzhan gyi don 'ba' zhig pa gang yin pa de ni byang chub sems dpa'i bya ba las thal zhing 'tsham pa ma yin pa'i phyir / / ","0.024#TD4009E.TXT.r#330302#330302#TD4009E.TXT.r_1399# mi rtag par 'dzin pa ni bdag med par 'dzin pa'i rgyu yin pa'i phyir mi rtag par 'dzin pa bkag pas bdag med par 'dzin pa yang bkag par rig par bya'o // / ","0.024#TD4016.2E.TXT.r#2368693#2368693#TD4016.2E.TXT.r_6860# de la gsum du bsgyur ba ni snga ma'i yongs su shes par bya ba'i dngos po dang  yongs su shes par bya ba'i don dang  yongs su shes par byed pa 'di nyid la gsum du bsgyur ba zhes bya ste / / ","0.024#TD4019E.TXT.r#2505635#2505635#TD4019E.TXT.r_12951# don rab 'byed pa'i zhes pa la sogs pas ni de rnams thob par 'gyur ba'i lam ston pa'o // / ","0.025#TD4091E.TXT.r#754435#754435#TD4091E.TXT.r_10777;TD4091E.TXT.r_10778# 'chi 'pho can las nyon mongs kun // / +'chi 'pho ba'i tshe skye bas thob pa'i dag pa'i mjug thogs su sa thams cad pa'i nyon mongs pa can skye'o // / ","0.025#TD4019E.TXT.r#2464770#2464770#TD4019E.TXT.r_7598;TD4019E.TXT.r_7599# gal te mtshan  mar skyer zin na zhes pa ni sngar bstan pa ltar sgyu ma 'am gyi na zhes pa'i mtshan mar sgro 'dogs pa'o // / +gzhan yang zhes pa la sogs pas thams cad sgyu ma lta bu'i don nyid gsal bar ston te / / ","0.025#TD4018E.TXT.r#3038426#3038426#TD4018E.TXT.r_4423# de de ltar thar par smra ba rnams kyis med pa'i dngos por sgro 'dogs pa'o // / ","0.026#TD4035E.TXT.r#161680#161680#TD4035E.TXT.r_6431# rnam pa bcus rten CING 'BREL PAR 'BYUNG BA'I DON ZAB par blta bar bya'o // / ","0.026#TD4036E.TXT.r#39333#39334#TD4036E.TXT.r_5891# der skyes pa'i tshe glen pa dang  dig pa dang  lkugs pa dang  lag pas brda byed par 'gyur zhing legs par gsungs pa dang  nyes par bshad pa'i chos  rnams kyi don kun du shes par mi nus par 'gyur ro // / ","0.026#TD4034.2E.TXT.r#2929157#2929157#TD4034.2E.TXT.r_8544# mthong ba dang bsgom PAS NAS NYON MONGS PA SPANGS te mya ngan las 'das pa mngon sum du thob pa mi 'byung bas na 'phags pa'i chos rnam par byang bar mi 'gyur ro zhes bya ba'i don to // / ","0.027#TD4094.1E.TXT.r#1776148#1776148#TD4094.1E.TXT.r_9644# 'di ni chos gang dag mngon par  shes pa dang yongs su shes PAR BYA BA'I CHOS DE dag mngon par shes shing yongs su shes pa zhes bya'o // / ","0.028#TD4054E.TXT.r#1026006#1026006#TD4054E.TXT.r_5791;TD4054E.TXT.r_5792;TD4054E.TXT.r_5793# chos sems pa'am / / +zhugs pa'i chos la gnas pa'am / / +snyoms par 'jug pa'i khyad par gyi lam gang ngo // / ","0.028#TD4035E.TXT.r#176430#176430#TD4035E.TXT.r_9088# bar du gcod pa'i chos rnams gang dag mngon par rtogs pa'i mthar thug par 'gro ba dang  mi mthun pa dang  mthun pa'i chos rnams gang dag mngon par rtogs pa'i mthar thug par 'gro ba dang mthun pa dang  mtshan nyid la dmigs pa de  bzhin nyid du gtogs pa'i chos rnams gang dag so sor khong du chud par bya ba dang  yon tan khyad PAR CAN DU GTOGS PA'I chos rnams gang dag par bya ba dang  'jig rten dang mthun par bya ba'i chos rnams gang dag so sor bsten pas spang bar bya ba dang  spangs  nas kun du 'byung ba rnams dang  mthar phyin pa'i chos rnams gang dag bdag gi don thob pa ngag gis mngon sum du bya ba'o // / ","0.029#TD4038.1E.TXT.r#2781664#2781664#TD4038.1E.TXT.r_11228;TD4038.1E.TXT.r_11229;TD4038.1E.TXT.r_11230# lta ba dang  cho ga dang  'tsho ba nyas pa khyim sun 'byin pa sdig pa'i chos kun du spyod pa / / +de chad pas bcad pa'am / / +spang bar mi nus pa'o // / ","0.029#TD4047E.TXT.r#1189659#1189659#TD4047E.TXT.r_9798# gang gis 'bad pa med par kun du spyod par 'gyur ba de lta bur 'jug par 'gyur ba'i rten dang sems kyi rgyud thob par 'gyur ba'o // / ","0.029#TD4035E.TXT.r#157190#157190#TD4035E.TXT.r_5572;TD4035E.TXT.r_5573# sdug pa dang mi sdug pa'i las dang  de dang mthun pa'i 'bras bu longs spyod pa'i sgo dang  mthu'i sgo dang  rnam par byang ba'i sgo'o // / +rten CING 'BREL PAR 'BYUNG BA'I     // / ","0.029#TD4047E.TXT.r#1154244#1154244#TD4047E.TXT.r_4862;TD4047E.TXT.r_4863# yang dag par rtog pa'i bzod pa zhes bya ba ni chos la nges par rtog pa'i bzod pa zhes bya ba'i don to // / +chos rnams la phyin ci ma log par byed pa'i bzod pa chen po'i chos la gnas pa'i ye shes ni yang dag par rtog pa'i  bzod pa zhes bya'o // / "
"555484","TD4027E.TXT.r_529;TD4027E.TXT.r_530"," bdun pa la ni tha dad pa med pa'i don du rtogs te / / +mtshan ma med pas mdo la sogs pa'i chos kyi mtshan ma tha dad par mi 'byung ba'i phyir ro // / ","0.027#TD4032E.TXT.r#1936941#1936941#TD4032E.TXT.r_2729# de bas na mtshan ma med pa'i phyir bdun PA LA THA DAD PA MED PA'I DON DU RAB tu rtogs so zhes bya'o // / ","0.029#TD4032E.TXT.r#1936915#1936915#TD4032E.TXT.r_2724;TD4032E.TXT.r_2725;TD4032E.TXT.r_2726# kun nas nyon mongs pa dang  rnam PAR DAG PA MED PA'I DON DU RTEN cing 'brel bar 'byung ba za ba mo khong du chud pa'i phyir ro // / +bdun PA LA NI THA DAD PA MED PA'I DON DU STE / / +chos kyi dbyings rab tu rtogs zhes bya bar sbyar ro // / "
"555496","TD4027E.TXT.r_531;TD4027E.TXT.r_532"," brgyad pa la ni bri ba med cing 'phel ba med pa'i don du rtogs te / / +mi skye ba'i chos la bzod pa thob pas kun nas  nyon mongs pa'am / / ","5.960#TD4032E.TXT.r#1937016#1937017#TD4032E.TXT.r_2736;TD4032E.TXT.r_2737# de rab rtogs pas kyang de nyid la dbang byed pa rab tu thob pa'i phyir ro // / +brgyad PA LA NI BRI BA MED CING 'PHEL BA MED PA'I DON DU STE / / "
"555509","TD4027E.TXT.r_533;TD4027E.TXT.r_534"," rnam par byang ba na yang bri ba'am 'phel ba mi mthong ba'i phyir ro // / +dbang rnam pa bzhi ni rnam par mi rtog pa la dbang ba dang  zhing yongs su dag pa la dbang ba dang  ye shes la dbang ba dang  las la dbang ba'o // / ","0.0#TD4032E.TXT.r#1937096#1937103#TD4032E.TXT.r_2750;TD4032E.TXT.r_2751;TD4032E.TXT.r_2752# sngon med pa'i chos mi skye BA'I PHYIR RO // / +dbang rnam pa bzhi ste / / +rnam PAR MI RTOG PA LA DBANG BA DANG  ZHING YONGS SU DAG PA LA DBANG BA DANG  YE SHES LA DBANG BA DANG  LAS LA DBANG BA'O // / "
"555525","TD4027E.TXT.r_535;TD4027E.TXT.r_536"," de las brgyad pa nyid la chos kyi     // / +dbyings la dbang ba dang po dang  'og gi gnas nyid du rab tu rtogs so // / "
"555536","TD4027E.TXT.r_537;TD4027E.TXT.r_538"," dgu pa la ni ye shes la dbang ba'i gnas nyid du rtogs te / / +so so yang dag par rig pa thob pa'i phyir ro // / "
"555547","TD4027E.TXT.r_539;TD4027E.TXT.r_540"," bcu pa la ni las la dbang ba'i gnas nyid du rtogs te / / +ji ltar bzhed pa bzhin  du sprul pa rnams kyis sems can gyi don mdzad pa'i phyir ro // / ","1.192#TD4032E.TXT.r#1937222#1937222#TD4032E.TXT.r_2771;TD4032E.TXT.r_2772# shes rab kyi stobs kyi khyad par dang LDAN PA'I PHYIR RO // / +sa BCU PA LA NI LAS LA DBANG BA'I GNAS NYID DU RTOGS SO // / "
"555559","TD4027E.TXT.r_541;TD4027E.TXT.r_542;TD4027E.TXT.r_543"," mdor bsdu na / / +nyon mongs pa yi sgrib pa dang  shes bya'i sgrib pa nyid du bstan // / +der ni sgrib pa thams cad de // / ","0.0#TD4021E.TXT.r#2100980#2100986#TD4021E.TXT.r_172;TD4021E.TXT.r_173;TD4021E.TXT.r_174;TD4021E.TXT.r_175;TD4021E.TXT.r_176# gnyen po dag ni sa yin no // / +nyon MONGS PA YI SGRIB PA DANG / / +shes BYA'I SGRIB PA NYID DU BSTAN // / "
"555568","TD4027E.TXT.r_544;TD4027E.TXT.r_545"," de zad nas ni grol bar 'dod // / +sgrib pa rnam pa gnyis po 'di zad na sgrib pa thams cad  las grol bar 'dod do // / ","0.0#TD4032E.TXT.r#1937484#1937485#TD4032E.TXT.r_2806;TD4032E.TXT.r_2807;TD4032E.TXT.r_2808# yang na sangs rgyas kyi sa'i sgrib pa bsdu ba'i don du / / +der NI SGRIB PA THAMS CAD DE // / +ce ZAD NAS NI GROL BAR 'DOD // / ","0.020#TD4032E.TXT.r#1937439#1937441#TD4032E.TXT.r_2798;TD4032E.TXT.r_2799# gang gi phyir SGRIB PA THAMS CAD 'DI nyid kyi nang du 'dus pa de'i phyir SGRIB PA THAMS CAD SDUD pa nyon mongs pa dang shes bya'i sgrib PA RNAM PA GNYIS PO 'DI ZAD NA / / +sgrib PA THAMS CAD LAS GROL BAR 'DOD DE / / "
"555583","TD4027E.TXT.r_546;TD4027E.TXT.r_547;TD4027E.TXT.r_548"," sgrib pa rnams kyi don bsdus pa ste / / +sgrib pa chen po ni khyab pa gang yin pa'o // / +sgrib pa chung ngu ni nye tshe pa gang yin pa'o // / "
"555595","TD4027E.TXT.r_549;TD4027E.TXT.r_550"," sbyor ba'i sgrib pa ni lhag pa gang yin pa'o // / +thob pa la sgrib pa ni mnyam pa gang yin pa'o // / "
"555603","TD4027E.TXT.r_551;TD4027E.TXT.r_552"," 'thob pa khyad par can  la sgrib pa ni len pa dang spong ba gang yin pa'o // / +yang dag par sbyor ba la sgrib pa ni nyon mongs pa'i sgrib pa rnam pa dgu gang yin pa'o // / ","0.025#TD4032E.TXT.r#1937573#1937575#TD4032E.TXT.r_2820;TD4032E.TXT.r_2821# de 'thob pa'i bgegs su 'gyur ba'i phyir ro // / +thob PA KHYAD PAR CAN LA SGRIB PA NI LEN PA DANG SPONG BA GANG YIN PA'O ZHES bya ba ni / / "
"555615","TD4027E.TXT.r_553;TD4027E.TXT.r_554"," rgyu la sgrib pa ni dge ba la sogs pa rnam pa bcu la sgrib pa gang yin pa ste / / +rgyu'i don gyi skabs kyi phyir ro // / ","0.020#TD4032E.TXT.r#1937616#1937621#TD4032E.TXT.r_2828;TD4032E.TXT.r_2829# RGYU LA SGRIB PA NI DGE BA LA SOGS PA RNAMS PA BCU LA SGRIB PA GANG YIN PA STE / / "
"555627","TD4027E.TXT.r_555;TD4027E.TXT.r_556"," de kho na la 'jug pa la  sgrib pa ni byang chub kyi phyogs rnams la sgrib pa gang yin pa'o // / +dge ba bla na med pa la sgrib pa ni pha rol tu phyin pa rnams la sgrib pa gang yin pa'o // / ","0.021#TD4032E.TXT.r#1937649#1937649#TD4032E.TXT.r_2830;TD4032E.TXT.r_2831;TD4032E.TXT.r_2832# DE KHO NA LA 'JUG PA LA  SGRIB PA NI BYANG CHUB KYI PHYOGS RNAMS LA SGRIB PA GANG YIN PA'O ZHES bya ba ni de dag gis DE KHO NA LA 'JUG PAR byed do // / +dge BA BLA NA MED PA LA SGRIB PA NI / / +pha ROL TU PHYIN PA RNAMS LA SGRIB PA GANG YIN PA'O ZHES bya ba ni de'i bla na dge ba med pa'i phyir ro // / "
"555639","TD4027E.TXT.r_557;TD4027E.TXT.r_558"," de khyad par du 'gro ba la sgrib pa ni sa rnams la sgrib pa gang yin pa'o // / +bsdus pa'i sgrib pa ni mdor bsdus pa rnam pa  gnyis po gang yin pa'o // / ","0.017#TD4038.1E.TXT.r#2780413#2780414#TD4038.1E.TXT.r_11059# lhod pa'i sgrib pa dang  kha na ma tho ba'i sgrib pa dang  khyad du gsod pa'i sgrib pa dang  'gyod pa'i sgrib pa dang  shes bya'i sgrib pa'o // / "
"555649","TD4027E.TXT.r_559"," bstan bcos dbus dang mtha' rnam par 'byed pa las sgrib pa'i le'ur bcad pa zhes bya ba gnyis pa'i 'grel pa'o //// / ","0.0#TD4021E.TXT.r#2100993#2100996#TD4021E.TXT.r_176;TD4021E.TXT.r_177;TD4021E.TXT.r_178# de zad nas ni grol bar 'dod // / +bstan BCOS DBUS DANG MTHA' RNAM PAR 'BYED PA LAS / / ","5.960#TD4032E.TXT.r#1937704#1937708#TD4032E.TXT.r_2839;TD4032E.TXT.r_2840# 'dzin to // / +bstan BCOS DBUS DANG MTHA' RNAM PAR 'BYED PA LAS SGRIB pa'i  le'ur bcad pa ste gnyis pa'i 'grel bshad do //// / ","1.192#TD4027E.TXT.r#554292#554300#TD4027E.TXT.r_304;TD4027E.TXT.r_305# bstan  BCOS DBUS DANG MTHA' RNAM PAR 'BYED PA LAS mtshan nyid KYI LE'UR BCAD PA ZHES BYA BA ste dang po'i 'grel pa'o //// / ","0.014#TD4027E.TXT.r#558678#558683#TD4027E.TXT.r_1148# BCOS DBUS DANG MTHA' RNAM PAR 'BYED PA LAS gnyen po bsgom pa zhes bya BA'I LE'UR BCAD PA BZHI ba'i 'grel pa'o //// / ","0.015#TD4027E.TXT.r#557378#557387#TD4027E.TXT.r_878;TD4027E.TXT.r_879# nga rgyal med pa'i snang ba'i de kho na dang  phyin ci log gi gnyen po'i snang ba'i de kho na dang  nyan thos kyi theg pas nges par 'byung ba snang ba'i de kho na dang  rags pas yongs su  smin par byed cing phra bas rnam par grol bar byed pa'i phyir theg pa chen pos nges par 'byung ba snang ba'i de kho na dang  dpe la brten te rigs pas tshar gcod pa'i phyir phas kyi rgol ba tshar gcod pa snang ba'i de kho na dang  theg pa chen po mngon par brjod pa snang ba'i de kho na dang  shes  bya'i rnam pa thams cad la 'jug pa snang ba'i de kho na dang  ma nor ba'i de bzhin nyid mngon par brjod pa snang ba'i de kho na dang  bdag tu 'dzin pa'i gzhi la dgongs pa thams cad rtogs pa snang ba'i de kho na'o // / +bstan BCOS DBUS DANG MTHA' RNAM PAR 'BYED PA LAS de  kho na zhes bya ba'i le'ur bcad pa GSUM PA'I 'GREL PA'O //// / ","0.019#TD4032E.TXT.r#1952588#1952590#TD4032E.TXT.r_5080# bstan  BCOS DBUS DANG MTHA' RNAM PAR 'BYED PA LAS gnyen po BSGOM PA'I LE'UR BCAD PA STE bzhi pa'i 'grel bshad do //// / ","0.020#TD4021E.TXT.r#2100727#2100727#TD4021E.TXT.r_98;TD4021E.TXT.r_99# BSTAN BCOS DBUS DANG MTHA' RNAM PAR 'BYED PA LAS / / +mtshan nyid KYI LE'UR BCAD PA ZHES BYA  ba ste dang po'o //// / ","0.021#TD4021E.TXT.r#2102054#2102054#TD4021E.TXT.r_491;TD4021E.TXT.r_492# theg pa bla na med PA'I LE'UR BCAD PA ZHES BYA BA ste lnga pa'o //// / +bstan BCOS DBUS DANG MTHA' RNAM PAR 'BYED PA ZHES bya ba'i tshig le'ur byas pa 'phags pa byams pas mdzad pa rdzogs  so ;; // / ","0.026#TD4016.2E.TXT.r#2367645#2367645#TD4016.2E.TXT.r_6716;TD4016.2E.TXT.r_6717;TD4016.2E.TXT.r_6718# ming gi rnam grangs mang po de yang bstan pa rnams las so so nas bshad pa mi mthun pas / / +bstan bcos     // / +dbus DANG MTHA' RNAM PAR 'BYED PA LAS NI mdor bsdus nas bdag med pa la sogs pa'i ming drug gis bstan pa yin te / / ","0.026#TD4021E.TXT.r#2101300#2101300#TD4021E.TXT.r_271;TD4021E.TXT.r_272# tha ma nyid du bshad pa yin // / +bstan bcos dbus dang  MTHA' RNAM PAR 'BYED PA LAS / / ","0.027#TD4032E.TXT.r#1946956#1946956#TD4032E.TXT.r_4193;TD4032E.TXT.r_4194# de kho na bshad zin to // / +bstan BCOS DBUS DANG MTHA' RNAM PAR 'BYED PA LAS de kho NA'I LE'UR BCAD PA STE gsum pa'i 'grel bshad do //// / ","0.027#TD4016.2E.TXT.r#2377993#2377993#TD4016.2E.TXT.r_8037;TD4016.2E.TXT.r_8038# rgya cher de nyid las bstan pa bzhin no // / +bstan BCOS DBUS DANG MTHA' RNAM PAR 'BYED PA LAS / / ","0.029#TD4032E.TXT.r#1962955#1962955#TD4032E.TXT.r_6792;TD4032E.TXT.r_6793;TD4032E.TXT.r_6794# chos dang gang zag la mngon par zhen pa med de / / +sgrib pa med par nges par 'byung ba'o // / +bstan BCOS DBUS DANG MTHA' RNAM PAR 'BYED PA LAS / / "
"555662","TD4027E.TXT.r_560;TD4027E.TXT.r_561;TD4027E.TXT.r_562"," de kho na'i dbang du mdzad de gsungs pa / / +rtsa ba mtshan nyid de kho na // / +phyin ci ma log mtshan nyid dang / / ","0.0#TD4021E.TXT.r#2101004#2101020#TD4021E.TXT.r_178;TD4021E.TXT.r_179;TD4021E.TXT.r_180;TD4021E.TXT.r_181;TD4021E.TXT.r_182;TD4021E.TXT.r_183;TD4021E.TXT.r_184;TD4021E.TXT.r_185# sgrib pa'i le'ur bcad pa zhes bya ba ste gnyis pa'o //// / +rtsa BA MTSHAN NYID DE KHO NA // / +phyin CI MA LOG MTSHAN NYID DANG / / ","0.018#TD4027E.TXT.r#554299#554300#TD4027E.TXT.r_304;TD4027E.TXT.r_305# bstan  bcos dbus dang mtha' rnam par 'byed pa las mtshan nyid kyi le'ur bcad pa zhes bya ba ste dang po'i 'grel pa'o //// / +sgrib PA'I DBANG DU MDZAD DE / / "
"555672","TD4027E.TXT.r_563;TD4027E.TXT.r_564;TD4027E.TXT.r_565"," 'bras bu rgyu yi de kho na // / +rags pa dang ni phra ba dang / / +grags dang rnam par dag yul dang / / "
"555680","TD4027E.TXT.r_566;TD4027E.TXT.r_567;TD4027E.TXT.r_568"," bsdu dang dbye ba'i mtshan nyid dang / / +mkhas de kho na rnam bcu ni // / +bdag tu lta ba'i gnyen po'o // / ","0.0#TD4027E.TXT.r#556537#556539#TD4027E.TXT.r_731;TD4027E.TXT.r_732;TD4027E.TXT.r_733;TD4027E.TXT.r_734# mtshan nyid kyi de kho na la sogs pa bzhi ni rtsa ba'i de kho na gcig ste / / +yongs su grub pa'i  MTSHAN NYID DO // / +mkhas DE KHO NA RNAM BCU NI // / "
"555689","TD4027E.TXT.r_569;TD4027E.TXT.r_570;TD4027E.TXT.r_571"," zhes bya ba 'di dag ni de kho na rnam pa bcu ste / / +'di lta ste / / +rtsa ba'i    de kho na dang  mtshan nyid kyi de kho na dang  phyin ci ma log pa'i de kho na dang  'bras bu dang rgyu'i de kho na dang  rags pa dang phra ba'i de kho na dang  grags pa'i de kho na dang  rnam par dag pa'i spyod yul gyi de kho na dang  bsdu ba'i de kho na dang  rab tu dbye ba'i de kho na dang  mkhas  pa'i de kho na ste / / ","0.018#TD4032E.TXT.r#1946850#1946850#TD4032E.TXT.r_4177# theg pa chen po  mngon par brjod pa snang BA'I DE KHO NA NI RNAM PAR DAG PA'I YE shes KYI SPYOD YUL GYI DE KHO NA STE / / ","0.021#TD4044E.TXT.r#387947#387947#TD4044E.TXT.r_1197# shes bya'i sgrib PA RNAM PAR DAG PA'I SHES PA'I SPYOD YUL GYI DE KHO NA RNAM PAR gzhag pa ni gnyis su med pa'i rang bzhin te / / ","0.021#TD4044E.TXT.r#387965#387967#TD4044E.TXT.r_1199# bsgoms pas rtogs par bya ba'i shes bya'i sgrib PA RNAM PAR DAG PA'I SHES PA'I SPYOD YUL GYI DE KHO NA RNAM PAR gzhag pa ni gnyis su med pa'i rang bzhin te / / ","0.022#TD4027E.TXT.r#556387#556388#TD4027E.TXT.r_701;TD4027E.TXT.r_702# gang zag dam pa rigs pa'i don la mkhas pa rtog ge pa spyod yul can dag tshad ma  gsum la brten nas 'thad pas sgrub pa'i rigs pas grags pa'i dngos po'o // / +rnam PAR DAG PA'I SPYOD YUL GYI DE KHO NA NYID RNAM pa gnyis te / / ","0.026#TD4044E.TXT.r#387911#387912#TD4044E.TXT.r_1193# nyon mongs pa'i sgrib PA RNAM PAR DAG PA'I SHES PA'I SPYOD YUL GYI DE KHO NA DANG SHES bya'i sgrib PA RNAM PAR DAG PA'I SHES BYA'I SPYOD YUL GYI DE KHO NA NI bsgoms pas rtogs par bya ba ste / / "
"555719","TD4027E.TXT.r_572;TD4027E.TXT.r_573;TD4027E.TXT.r_574"," rnam pa bcu po de yang bdag tu 'dzin pa rnam pa bcu'i gnyen por rig par bya'o // / +'di lta ste / / +phung po la mkhas pa dang  khams la mkhas pa dang  skye mched la mkhas pa dang  rten cing 'brel bar 'byung ba la mkhas pa dang  gnas dang gnas ma  yin pa la mkhas pa dang  dbang po la mkhas pa dang  dus la mkhas pa dang  bden pa la mkhas pa dang  theg pa la mkhas pa dang  'dus byas dang 'dus ma byas kyi chos la mkhas pa'o // / ","0.0#TD4016.2E.TXT.r#2341884#2341889#TD4016.2E.TXT.r_3597;TD4016.2E.TXT.r_3598# gzhan yang bstan  bcos chos mngon pa sna tshogs kun las btu sa pa de nyid las mkhas pa'i dmigs pa yang rnam pa lnga po 'di lta ste / / +phung PO LA MKHAS PA DANG  KHAMS LA MKHAS PA DANG  SKYE MCHED LA MKHAS PA DANG  RTEN CING 'BREL PAR 'BYUNG BA LA MKHAS PA DANG  gnas dang  GNAS MA YIN PA LA MKHAS PA'O // / ","0.0#TD4035E.TXT.r#212784#212788#TD4035E.TXT.r_15005;TD4035E.TXT.r_15006# 'di ltar phyis rang byang chub par bya ba'i phyir / / +phung PO LA MKHAS PA DANG  SKYE MCHED LA MKHAS PA DANG  KHAMS LA MKHAS PA DANG  RTEN CING 'BREL PAR 'BYUNG BA la  mkhas pa dang  GNAS DANG GNAS MA YIN PA LA MKHAS PA DANG  BDEN PA LA MKHAS PAR byed de / / ","0.0#TD4035E.TXT.r#212845#212849#TD4035E.TXT.r_15012# 'di ltar phyis mngon par rtogs par bya ba dang  dge sbyong gi 'bras bu thob par bya ba'i phyir PHUNG PO LA MKHAS PA DANG SKYE MCHED LA MKHAS PA DANG  KHAMS LA MKHAS PA DANG  RTEN CING 'BREL PAR 'BYUNG BA LA MKHAS PA DANG  gnas dang  GNAS MA YIN PA LA MKHAS PA DANG  BDEN PA LA MKHAS PA YIN te / / ","0.0#TD4035E.TXT.r#212906#212910#TD4035E.TXT.r_15017# 'jig rten las 'das pa'i lam gyis phyis shin tu mthar phyin pa dang  shin tu dri ma med pa dang shin tu tshangs par spyod pa'i mthar gyur pa'i dgra bcom pa'i 'bras bu thob par bya ba'i phyir PHUNG PO LA MKHAS PA DANG  SKYE MCHED LA MKHAS PA DANG  KHAMS LA MKHAS PA DANG   RTEN CING 'BREL PAR 'BYUNG BA LA MKHAS PA DANG  GNAS DANG GNAS MA YIN PA LA MKHAS PA DANG  BDEN PA LA MKHAS PA YIN te / / ","0.0#TD4037E.TXT.r#1321265#1321268#TD4037E.TXT.r_765# brtson 'grus la brten nas thos pa dang  bsam pa dang  bsgom pa'i shes rab la  sbyor bar byed cing PHUNG PO LA MKHAS PA DANG  KHAMS LA MKHAS PA DANG  SKYE MCHED LA MKHAS PA DANG  RTEN CING 'BREL PAR 'BYUNG BA LA MKHAS PA DANG  GNAS DANG GNAS MA YIN PA LA MKHAS PAR byed pa dang  sdug bsngal ba la ni sdug bsngal bar / / ","0.0#TD4049E.TXT.r#2305477#2305479#TD4049E.TXT.r_3127;TD4049E.TXT.r_3128# mkhas pa'i dmigs pa gang zhe na / / +phung PO LA MKHAS PA DANG  KHAMS LA MKHAS PA DANG   SKYE MCHED LA MKHAS PA DANG  RTEN CING 'BREL PAR 'BYUNG BA LA MKHAS PA DANG  GNAS DANG GNAS MA YIN PA LA MKHAS PA'O // / ","0.0#TD4054E.TXT.r#1031326#1031329#TD4054E.TXT.r_6628;TD4054E.TXT.r_6629# mkhas pa'i dmigs pa gang / / +phung PO LA MKHAS PA DANG  KHAMS LA MKHAS PA DANG  SKYE MCHED LA MKHAS PA DANG  RTEN CING 'BREL BAR 'BYUNG BA LA MKHAS PA DANG  gnas dang  GNAS MA YIN PA LA MKHAS PA'O // / ","0.017#TD4035E.TXT.r#135924#135930#TD4035E.TXT.r_1930;TD4035E.TXT.r_1931;TD4035E.TXT.r_1932# ngo bo nyid dang  gnas dang  dmigs pa dang grogs dang  las 'di dag gis ni PHUNG PO LA MKHAS PA YANG BSDUS PAR RIG PAR BYA'O // / +khams la mkhas pa dang  SKYE MCHED LA MKHAS PA DANG      // / ","0.024#TD4036E.TXT.r#29535#29536#TD4036E.TXT.r_4520;TD4036E.TXT.r_4521# 'di lta ste / / +phung PO LA MKHAS PA DANG  KHAMS LA MKHAS PA DANG  SKYE MCHED LA MKHAS BA DANG  RTEN CING 'BREL BAR 'BYUNG BA LA MKHAS PA DANG  gnas dang  GNAS MA YIN PA LA MKHAS PA'O // / "
"555749","TD4027E.TXT.r_575;TD4027E.TXT.r_576;TD4027E.TXT.r_577"," de la rtsa ba'i de kho na ni ngo bo nyid rnam pa gsum ste / / +kun brtags pa  dang ; / +gzhan gyi dbang dang  yongs su grub pa ste / / ","0.018#TD4032E.TXT.r#1957412#1957412#TD4032E.TXT.r_5879# DE LA NGO BO NYID ni gsum STE YONGS SU GRUB PA DANG  kun brtags pa dang  gzhan gyi dbang zhes bya ba dag ste / / "
"555759","TD4027E.TXT.r_578;TD4027E.TXT.r_579"," de la de kho na gzhan rnam par gzhag pa'i phyir ro // / +de ci'i phyir 'dir ngo bo nyid gsum la de kho na zhes bya bar 'dod ce na / / ","0.028#TD4032E.TXT.r#1938209#1938209#TD4032E.TXT.r_2909# CI'I PHYIR 'DIR NGO BO NYID GSUM LA DE KHO NA ZHAS BYA BAR 'DOD CE NA ZHES BYA BA ni de kho na'i don ni ma nor ba'i don     // / "
"555771","TD4027E.TXT.r_580;TD4027E.TXT.r_581;TD4027E.TXT.r_582"," ngo bo nyid gsum rtag med dang / / +yod kyang kho na ma yin dang / / +yod dang med de kho na ste // / ","0.0#TD4021E.TXT.r#2101026#2101032#TD4021E.TXT.r_186;TD4021E.TXT.r_187;TD4021E.TXT.r_188;TD4021E.TXT.r_189;TD4021E.TXT.r_190# bdag tu lta ba'i gnyen po'o // / +ngo BO NYID GSUM RTAG MED DANG / / "
"555780","TD4027E.TXT.r_583;TD4027E.TXT.r_584"," ngo bo nyid ni gsum du 'dod // / +kun tu brtags pa'i mtshan nyid ni rtag tu med pa'o // / "
"555788","TD4027E.TXT.r_585;TD4027E.TXT.r_586;TD4027E.TXT.r_587"," de ni kun tu brtags pa'i ngo bo nyid la de kho na zhes bya ste / / +phyin ci ma log pa'i phyir ro // / +gzhan gyi dbang gi mtshan nyid ni yod kyang yang dag pa ma yin te 'khrul pa'i phyir ro // / ","0.028#TD4032E.TXT.r#1938380#1938380#TD4032E.TXT.r_2935;TD4032E.TXT.r_2936;TD4032E.TXT.r_2937# rnam par dag pa'i dmigs pa yin pas de kho na'o // / +'dir ni yongs su grub PA'I NGO BO NYID LA DE KHO NA STE / / +phyin CI MA LOG PA'I PHYIR RO ZHES bya    ba dang sbyor ro // / "
"555803","TD4027E.TXT.r_588;TD4027E.TXT.r_589"," de lta bas  na gzhan gyi dbang gi ngo bo nyid la de kho na zhes bya'o // / +yongs su grub pa'i mtshan nyid ni yod pa dang med pa'i de kho na ste / / ","0.013#TD4016.1E.TXT.r#538719#538719#TD4016.1E.TXT.r_11656;TD4016.1E.TXT.r_11657;TD4016.1E.TXT.r_11658# 'di ltar  rab rib can gyi gang zag la skra'i 'khor lo lta bu'i mtshan ma yang dag par yod pa ma yin yang / / +yang dag pa lta bur snang ba'i phyir / / +gzhan gyi dbang gi dpe bstan te / / ","0.021#TD4051E.TXT.r#1252051#1252051#TD4051E.TXT.r_2796# GZHAN GYI DBANG GI NGO BO NYID JI lta ba bzhin du mthong ba'i phyir gzung ba dang 'dzin par snang ba rnams la phyin ci log dang nor ba med par rtog go // / ","0.021#TD4016.1E.TXT.r#541463#541465#TD4016.1E.TXT.r_11973# bshad pa 'di dang sbyar na mtshan nyid med pa'i chos khong du chud pa'i    phyir GZHAN GYI DBANG GI NGO BO NYID KUN nas nyon mongs pa'i mtshan nyid kyi chos skye bar mi 'gyur ba'i phyir kun nas nyon mongs pa'i mtshan nyid kyi chos rab tu spong bar gsungs pa yin te / / ","0.022#TD4048E.TXT.r#1690128#1690128#TD4048E.TXT.r_907# DE LTA BAS NA YANG dag pa ma yin pa kun tu rtog pa'i rnam par rig PAS GZHAN GYI DBANG GI  NGO BO NYID DE NI gnyi ga'i char gtogs pa yin te / / ","0.023#TD4079E.TXT.r#760062#760065#TD4079E.TXT.r_583;TD4079E.TXT.r_584# brtags pa'i kun rdzob ni kun brtags pa'i ngo bo nyid de tha snyad tsam yin pa'i phyir ro // / +rtog pa'i kun rdzob NI GZHAN GYI DBANG GI NGO BO NYID DE log pa'i shes pa yin  pa'i phyir ro // / ","0.025#TD4026E.TXT.r#289133#289133#TD4026E.TXT.r_2429# 'khrul ba'i rgyu mtshan shing dang bong ba la sogs pa sgyu ma'i sngags kyis btab pa ji lta ba de bzhin du yang dag pa ma yin pa'i kun tu rtog pa  GZHAN GYI DBANG GI NGO BO NYID KYI rnam par rig par bya'o // / ","0.025#TD4029E.TXT.r#2136027#2136027#TD4029E.TXT.r_2018# de la 'khrul ba'i rgyu mtshan shing dang bong ba la sogs pa sgyu ma'i sngags kyis btab pa ji lta ba de bzhin du yang dag pa ma yin pa'i kun tu rtog PA GZHAN GYI DBANG GI NGO BO NYID  rig par bya'o zhes bya ba ni sems dang sems las byung ba rten cing 'brel bar 'byung ba rnams la rig par bya ba ste / / ","0.026#TD4054E.TXT.r#1036370#1036370#TD4054E.TXT.r_7321;TD4054E.TXT.r_7322# yongs su grub pa ni rnam par dag pa'i dmigs pa yin pa'i phyir gzhan gyi dbang du / / +kun brtags pa'i mtshan nyid med pa'i ngo bo nyid yin pa'i phyir / / ","0.027#TD4016.1E.TXT.r#540790#540790#TD4016.1E.TXT.r_11899# 'di ltar kun du brtags pa'i mtshan nyid la rnam par rtog pa nyid du mngon par zhen pa nyid du rkyen byas pa'i phyir GZHAN GYI DBANG GI NGO BO NYID skyes par  gyur pa ste / / ","0.027#TD4029E.TXT.r#2161730#2161732#TD4029E.TXT.r_5420# don med rtogs zhes bya ba ni log par kun nas rtogs pa la goms pa'i bag  chags dang ldan pa'i phyir GZHAN GYI DBANG GI NGO BO NYID NI DON med par gyur pa ste / / ","0.027#TD4016.1E.TXT.r#547923#547923#TD4016.1E.TXT.r_12729# NGO BO NYID LA NGO BO NYID THA DAD par mthong ba'i phyir DANG GZHAN GYI DBANG GI NGO BO NYID DANG  yongs su grub PA'I NGO BO NYID LA NGO BO NYID THA DAD par mthong ba'i phyir / / ","0.027#TD4079E.TXT.r#758418#758418#TD4079E.TXT.r_279;TD4079E.TXT.r_280# de la dmigs pa yin gyi kun nas nyon mongs par bya ba'i phyir ni ma yin no // / +gzhan GYI DBANG GI NGO BO NYID LA YANG yongs su grub pa'i rang bzhin gyis dmigs nas // / ","0.027#TD4079E.TXT.r#758445#758446#TD4079E.TXT.r_283;TD4079E.TXT.r_284# kun nas nyon mongs pa'i phyir dmigs pa ni rnam par byang ba'i phyir ma yin no // / +gzhan GYI DBANG GI NGO BO NYID DE NI yang dag pa'i kun tu rtog par brjod de 'di la yang dag  pa ma yin par kun brtags pa'am / / ","0.027#TD4029E.TXT.r#2135810#2135810#TD4029E.TXT.r_1992# des der kun rtog pa'i phyir ro zhes BYA BA NI GZHAN GYI DBANG GI NGO BO NYID 'khrul pas gnyis po der kun rtog ste / / ","0.027#TD4051E.TXT.r#1265815#1265815#TD4051E.TXT.r_4922# zhes BYA BA NI GZHAN GYI DBANG GI NGO BO NYID yongs su grub par yod pa'i phyir ro // / ","0.028#TD4070E.TXT.r#2821254#2821254#TD4070E.TXT.r_2994;TD4070E.TXT.r_2995# de ni go sla bas ma bshad do // / +rdzas su yod pa'i phyir GZHAN GYI DBANG GI NGO BO NYID NI rigs grang na / / "
"555815","TD4027E.TXT.r_590;TD4027E.TXT.r_591"," de bas na 'di ni yongs su grub pa'i ngo bo nyid la de kho na'o // / +mtshan nyid kyi de kho na gang zhe na / / ","0.026#TD4032E.TXT.r#1941792#1941792#TD4032E.TXT.r_3480;TD4032E.TXT.r_3481# 'di LTAR YONGS SU GRUB PA'I NGO BO NYID DO // / +de la mtshan NYID KYI DE KHO NA DANG rnam par dag pa'i de kho na gnyis ni  gzhan du 'gyur ba med par yongs su grub PAS YONGS SU GRUB PA'O // / "
"555824","TD4027E.TXT.r_592;TD4027E.TXT.r_593;TD4027E.TXT.r_594"," 'di la chos dang gang zag dang / / +gzung ba dag dang  'dzin pa dang / / +yod dang med par sgro 'dogs pa dang / / "
"555832","TD4027E.TXT.r_595;TD4027E.TXT.r_596;TD4027E.TXT.r_597;TD4027E.TXT.r_598"," skur ba 'debs par lta ba dang / / +gang shes nas ni mi 'byung ba // / +de de kho na'i mtshan nyid do // / +gang shes nas gang zag dang chos gnyis la sgro 'dogs pa dang  skur pa 'debs par lta ba mi 'byung ba de ni kun     // / ","0.0#TD4032E.TXT.r#1938418#1938424#TD4032E.TXT.r_2944;TD4032E.TXT.r_2945# zhes rgya  cher gsungs so // / +gang SHES NAS GANG ZAG DANG CHOS GNYIS LA SGRO 'DOGS PA DANG SKUR PA 'DEBS PAR LTA BA MI 'BYUNG BA DE NI kun brtags pa'i ngo bo nyid kyi DE KHO NA'I MTSHAN NYID DO ZHES bya ba la / / ","0.020#TD4027E.TXT.r#555869#555869#TD4027E.TXT.r_601# gang shes nas dngos po dang  dngos po med PAR SGRO 'DOGS PA DANG  SKUR PA 'DEBS PAR LTA BA MI 'BYUNG BA DE NI yongs su grub pa'i ngo bo nyid kyi DE KHO NA'I MTSHAN NYID DO // / ","0.020#TD4032E.TXT.r#1938494#1938494#TD4032E.TXT.r_2953# gang gi phyir kun brtags pa khong du chung NA GANG ZAG DANG CHOS GNYIS LA SGRO 'DOGS PA DANG SKUR PA 'DEBS PAR LTA BA MI 'BYUNG BA ZHES bya ba ni mi skye'i zhes bya ba'i tha tshig go // / "
"555849","TD4027E.TXT.r_599;TD4027E.TXT.r_600"," brtags pa'i ngo bo nyid kyi de kho na'i mtshan nyid do // / +gang shes nas gzung ba dang  'dzin pa gnyis la sgro 'dogs pa dang  skur pa 'debs par lta ba mi 'byung ba de ni gzhan gyi dbang gi ngo bo nyid kyi de kho na'i mtshan nyid do // / ","0.026#TD4032E.TXT.r#1938541#1938542#TD4032E.TXT.r_2958# mtshan nyid gang SHES NAS GZUNG BA DANG 'DZIN PA GNYIS LA SGRO 'DOGS PA DANG SKUR PA 'DEBS PAR LTA BAR MI 'BYUNG BA DE NI GZHAN GYI DBANG GI NGO BO NYID KYI mtshan nyid de /// / "
"555866","TD4027E.TXT.r_601"," gang shes nas dngos po dang  dngos po med par sgro 'dogs pa dang  skur pa 'debs par lta ba mi 'byung ba de ni yongs su grub pa'i ngo bo nyid kyi de kho na'i mtshan nyid do // / ","0.018#TD4032E.TXT.r#1938423#1938424#TD4032E.TXT.r_2945# gang shes nas gang zag dang chos gnyis LA SGRO 'DOGS PA DANG SKUR PA 'DEBS PAR LTA BA MI 'BYUNG BA DE NI kun brtags PA'I NGO BO NYID KYI DE KHO NA'I MTSHAN NYID DO ZHES bya ba la / / ","0.020#TD4027E.TXT.r#555844#555844#TD4027E.TXT.r_598;TD4027E.TXT.r_599# gang shes nas gang zag dang chos gnyis LA SGRO 'DOGS PA DANG  SKUR PA 'DEBS PAR LTA BA MI 'BYUNG BA DE NI kun     // / +brtags PA'I NGO BO NYID KYI DE KHO NA'I MTSHAN NYID DO // / "
"555877","TD4027E.TXT.r_602"," rtsa ba'i de kho na la mtshan nyid kyi de kho na phyin ci ma log pa 'di ni mtshan nyid kyi de kho na zhes bya'o // / "
"555886","TD4027E.TXT.r_603"," phyin ci ma log pa'i de kho na ni rtag  pa la sogs par phyin ci log pa'i gnyen por mi rtag pa dang  sdug bsngal ba dang  stong pa dang  bdag med pa nyid do // / ","0.020#TD4018E.TXT.r#3035786#3035787#TD4018E.TXT.r_4137# nyan thos kyi theg pa mngon par rtogs pa'i lta bas zhes bya ba ni bdag gi don du lta bas 'phags pa'i bden pa bzhi khong du chud par bya ba'i phyir gzhan gyi  dbang gi rnam pa nyid LA MI RTAG PA DANG  sdug bsngal ba dang  bdag med pa dang  stong pa la sogs pa'i rnam pas 'dod chags dang bral nas / / "
"555896","TD4027E.TXT.r_604"," rtsa ba'i de kho na der ji ltar na mi rtag pa la sogs pa nyid rig par bya zhe na / / "
"555904","TD4027E.TXT.r_605;TD4027E.TXT.r_606"," mi rtag don ni med don dang / / +skye zhing 'jig pa'i mtshan nyid dang / / ","0.0#TD4021E.TXT.r#2101054#2101064#TD4021E.TXT.r_196;TD4021E.TXT.r_197;TD4021E.TXT.r_198;TD4021E.TXT.r_199;TD4021E.TXT.r_200# de de kho na'i mtshan nyid do // / +mi rtag  DON NI MED DON DANG / / +skye ZHING 'JIG PA'I MTSHAN NYID DANG / / "
"555912","TD4027E.TXT.r_607;TD4027E.TXT.r_608"," dri bcas dri ma med don te // / +rtsa ba'i kho nar go rims bzhin // / "
"555921","TD4027E.TXT.r_609;TD4027E.TXT.r_610"," mi rtag pa'i don ni rnam pa gsum ste / / +med pa'i don dang  skye zhing 'jig pa'i don dang  dri ma dang bcas shing dri ma med pa nyid kyi don ni rtsa ba'i de kho nar ngo bo nyid gsum po dag dang go rims bzhin no // / ","0.0#TD4032E.TXT.r#1938869#1938875#TD4032E.TXT.r_3003;TD4032E.TXT.r_3004;TD4032E.TXT.r_3005# zhes rgya cher gsungs so // / +mi RTAG PA'I DON NI RNAM PA GSUM STE / / +med pa'i don dang  SKYE ZHING 'JIG PA'I DON DANG  DRI MA DANG BCAS SHING DRI MA MED PA'I don do // / "
"555940","TD4027E.TXT.r_611;TD4027E.TXT.r_612;TD4027E.TXT.r_613"," sdug  bsngal len dang mtshan nyid dang / / +'brel ba gzhan du 'dod pa yin // / +gang zag dang chos la mngon par zhen pa nye bar len pa'i phyir / / "
"555952","TD4027E.TXT.r_614"," nye bar len pa'i sdug bsngal ba dang  sdug bsngal ba nyid gsum gyi mtshan nyid yin pas mtshan nyid dang  sdug bsngal dang 'brel  pa'i phyir 'brel ba yang ste / / "
"555964","TD4027E.TXT.r_615;TD4027E.TXT.r_616"," rtsa ba'i de kho na nyid kyi nang du go rims bzhin no // / +dngos med de dngos ma yin dang / / "
"555972","TD4027E.TXT.r_617;TD4027E.TXT.r_618;TD4027E.TXT.r_619"," rang bzhin gyis ni stong par 'dod // / +kun brtags pa'i mtshan nyid ni rnam pa gang gis kyang yod pa ma yin te / / +dngos po med pa nyid pas de'i stong pa nyid  do ; / / ","0.023#TD4021E.TXT.r#2101077#2101084#TD4021E.TXT.r_202;TD4021E.TXT.r_203;TD4021E.TXT.r_204;TD4021E.TXT.r_205;TD4021E.TXT.r_206;TD4021E.TXT.r_207# 'brel pa gzhan du 'dod pa yin // / +dngos med de dngos MA YIN DANG / / +rang BZHIN GYIS NI STONG PAR  'dod // / "
"555983","TD4027E.TXT.r_620"," gzhan gyi dbang gi mtshan nyid ni ji ltar kun brtags pa de ltar med kyi / / ","0.009#TD4034.1E.TXT.r#988296#988297#TD4034.1E.TXT.r_12652;TD4034.1E.TXT.r_12653# GZHAN GYI DBANG GI MTSHAN NYID NI JI LTAR SO so'i skye bo byis pa rnams kyis gzung ba'i mtshan nyid ji LTAR BRTAGS PA DE LTAR NI med kyi / / +GZHAN GYI DBANG GI MTSHAN NYID NI YOD do zhes bshad de / / ","0.029#TD4026E.TXT.r#297485#297485#TD4026E.TXT.r_3985;TD4026E.TXT.r_3986# de bzhin du yod pa'i stong pa nyid ni gzhan gyi dbang ste / / +de ni ji LTAR BRTAGS PA DE LTAR MED KYI / / "
"555991","TD4027E.TXT.r_621;TD4027E.TXT.r_622;TD4027E.TXT.r_623;TD4027E.TXT.r_624"," ye shes med pa sa ni ma yin te / / +de ma yin pas de'i stong pa nyid do // / +yongs su grub pa'i mtshan nyid ni / / +stong pa nyid kyi ngo bo nyid kho na yin pas rang bzhin kho nas de'i stong pa nyid do // / ","0.021#TD4027E.TXT.r#554133#554139#TD4027E.TXT.r_280;TD4027E.TXT.r_281# za ba la sogs pa stong pa nyid ces gong du ji skad smos PA DER STONG PA NYID kyi mtshan nyid bstan pa'i phyir / / +dngos po med pa stong pa nyid dang  dngos po med pa'i ngo bo nyid stong pa nyid dang   stong pa nyid rnam pa gnyis tha mar rnam par 'jog ste / / ","0.026#TD4032E.TXT.r#1939115#1939115#TD4032E.TXT.r_3048;TD4032E.TXT.r_3049;TD4032E.TXT.r_3050# dngos po med pas stong pa nyid dang  de ma yin pas stong pa nyid dang  rang bzhin GYIS STONG PA NYID DO // / +da la dngos po med pas stong pa nyid ni kun brtags pa'i ngo BO NYID DE // / +de nyid bstan pa'i phyir / / "
"556006","TD4027E.TXT.r_625;TD4027E.TXT.r_626;TD4027E.TXT.r_627"," mtshan    nyid med pas bdag med dang / / +de dang mi mthun mtshan nyid dang / / +rang gi mtshan nyid bstan pa yin // / "
"556014","TD4027E.TXT.r_628;TD4027E.TXT.r_629"," kun brtags pa'i ngo bo nyid ni mtshan nyid kyis med pa'i phyir ro // / +mtshan nyid de'i bdag med pa nyid do // / ","0.012#TD4032E.TXT.r#1939215#1939218#TD4032E.TXT.r_3065;TD4032E.TXT.r_3066# de la KUN BRTAGS PA'I NGO BO NYID NI MTSHAN NYID KYIS dngos po med pas mtshan nyid med pa nyid bdag med pa ste / / +de'i phyir KUN BRTAGS PA'I NGO BO NYID NI MTSHAN NYID KYIS MED PA'I PHYIR mtshan nyid med pa NYID DE'I BDAG MED PA ZHES bya ba smos te / / ","0.022#TD4016.1E.TXT.r#548132#548132#TD4016.1E.TXT.r_12751# ngo  bo nyid rnam pa gnyis la kun brtags pa'i mtshan nyid rang gi mtshan nyid du rnam par gzhag pas mtshan nyid du gyur pa ma yin pa'i phyir mtshan nyid ngo bo nyid med pa nyid rnam par gzhag pa dang gzhan gyi dbang la rang gi bdag nyid kyi skye ba med cing sgro btags pa yin pa'i phyir  skye ba ngo bo nyid med pa nyid du rnam par gzhag pa dang  yongs su grub pa la KUN BRTAGS PA'I NGO BO NYID MED PA'I PHYIR DON dam pa ngo bo nyid med pa nyid du rnam par gzhag go // / ","0.028#TD4016.1E.TXT.r#475106#475106#TD4016.1E.TXT.r_3305;TD4016.1E.TXT.r_3306;TD4016.1E.TXT.r_3307# chos rnams kyi ngo bo nyid med pas mtshan NYID BYED PA'I PHYIR RO // / +mtshan nyid med pa yang ma yin te / / +rang gi mtshan NYID BYED PA'I PHYIR RO zhes bshad do // / "
"556022","TD4027E.TXT.r_630"," gzhan gyi dbang gi mtshan nyid ni yod kyang ji ltar kun tu  brtags pa bzhin du med pas de dang mi mthun pa'i mtshan nyid kyis de'i bdag med pa'o // / "
"556036","TD4027E.TXT.r_631;TD4027E.TXT.r_632"," yongs su grub pa ni ngo bo nyid kyis bdag med pa nyid pas rang gi mtshan nyid kyis de'i bdag med pa'o // / +rtsa ba de kho na rnam pa gsum la mi rtag pa nyid rnam pa gsum  yongs su bstan to / / ","0.017#TD4032E.TXT.r#1939353#1939357#TD4032E.TXT.r_3082;TD4032E.TXT.r_3083# rtsa BA'I DE KHO NA RNAM PA GSUM LA GO rims bzhin DU MI RTAG PA NYID RNAM PA GSUM YONGS SU BSTAN TE / / "
"556050","TD4027E.TXT.r_633"," med pa'i don mi rtag pa nyid dang  skye zhing 'jig pa mi rtag pa nyid dang  dri ma dang bcas shing dri ma med pa mi rtag pa nyid do // / ","0.0#TD4032E.TXT.r#1939356#1939365#TD4032E.TXT.r_3082;TD4032E.TXT.r_3083# rtsa ba'i de kho na rnam pa gsum la go rims bzhin DU MI RTAG PA NYID RNAM pa gsum yongs su bstan te / / +med PA'I DON MI RTAG PA NYID DANG  SKYE ZHING 'JIG PA MI RTAG PA NYID DANG DRI MA DANG BCAS SHING DRI MA MED PA'I MI RTAG PA NYID DO // / "
"556062","TD4027E.TXT.r_634;TD4027E.TXT.r_635;TD4027E.TXT.r_636"," sdug bsngal nyid rnam pa gsum ste / / +nye bar len pas sdug bsngal nyid dang  mtshan nyid kyis sdug bsngal nyid  dang ; / +'brel bas sdug bsngal nyid do // / "
"556070","TD4027E.TXT.r_637;TD4027E.TXT.r_638"," stong pa nyid rnam pa gsum ste / / +dngos po med pas stong pa nyid dang  de ma yin pas stong pa nyid dang  ngo bo nyid kyis stong pa nyid do // / ","0.006#TD4032E.TXT.r#1939107#1939111#TD4032E.TXT.r_3047;TD4032E.TXT.r_3048;TD4032E.TXT.r_3049# ces bya ba la stong pa nyid NI RNAM PA GSUM STE / / +dngos PO MED PAS STONG PA NYID DANG  DE MA YIN PAS STONG PA NYID DANG  rang bzhin GYIS STONG PA NYID DO // / ","0.026#TD4049E.TXT.r#2297287#2297287#TD4049E.TXT.r_1759;TD4049E.TXT.r_1760# yang STONG PA NYID RNAMS PA GSUM STE / / +ngo BO NYID KYIS STONG PA NYID DANG  de bzhin du yod PA MA YIN PA'I STONG PA NYID DANG  rang bzhin GYI STONG PA NYID DO // / ","0.027#TD4027E.TXT.r#553988#553988#TD4027E.TXT.r_248;TD4027E.TXT.r_249# stong pa nyid shes pas te / / +de'i stong pa NYID NI STONG PA NYID STONG PA NYID DO // / ","0.028#TD4095E.TXT.r#103646#103647#TD4095E.TXT.r_7955;TD4095E.TXT.r_7956# mi slob pa'i la dmigs pa yin // / +stong pa NYID STONG PA NYID NI MI slob pa'i stong pa nyid kyi ting nge 'dzin la stong pa nyid kyi rnam pas dmigs so // / "
"556078","TD4027E.TXT.r_639;TD4027E.TXT.r_640"," bdag med pa rnam pa gsum ste / / +mtshan nyid med pas bdag med pa dang   mi mthun pa'i mtshan nyid kyis bdag med pa dang  rang gi mtshan nyid kyis bdag med pa'o // / ","0.0#TD4032E.TXT.r#1939200#1939204#TD4032E.TXT.r_3063;TD4032E.TXT.r_3064# zhes rgya cher 'byung ba LA BDAG MED PA YANG RNAM PA GSUM STE / / +mtshan NYID MED PAS BDAG MED PA DANG MI MTHUN PA'I MTSHAN NYID KYIS BDAG MED PA DANG  RANG GI MTSHAN NYID KYIS  bdag med pa'o // / "
"556087","TD4027E.TXT.r_641"," 'bras bu dang rgyu'i de kho na ni rtsa ba'i de kho na nyid la sdug bsngal dang  kun 'byung ba dang  'gog pa dang  lam gyi bden pa nyid do // / ","1.192#TD4032E.TXT.r#1939421#1939427#TD4032E.TXT.r_3092;TD4032E.TXT.r_3093# de ltar sdug bsngal la sogs pa bden pa rnam pa bzhi ni 'bras BU DANG RGYU'I DE KHO NA'O // / +rtsa BA'I DE KHO NA NYID LA SDUG BSNGAL DANG  KUN 'BYUNG BA DANG 'GOG PA DANG LAM GYI BDEN PA RNAMS so zhes bshad na / / ","0.023#TD4016.2E.TXT.r#2369150#2369150#TD4016.2E.TXT.r_6923;TD4016.2E.TXT.r_6924# mngon du byas pa'i mtshan nyid dang  bsgoms pa'i mtshan nyid dang zhes bya ba rnam pa bzhi po 'di dag ni go rims bzhin du / / +sdug bsngal dang  kun 'byung ba dang  'gog pa dang  lam  gyi bden pa bzhi po dag gi mtshan nyid bstan pa yin no // / ","0.024#TD4026E.TXT.r#308351#308351#TD4026E.TXT.r_6096# dran pa nye bar gzhag pa bzhis go  rims bzhin du bdag NYID KYANG SDUG BSNGAL DANG  kun 'byung ba dang  'gog pa dang  LAM GYI BDEN PA LA 'jug cing gzhan dag kyang 'dzud pa'i phyir te / / "
"556098","TD4027E.TXT.r_642"," ji ltar rtsa ba'i de kho na rnam  pa gsum las sdug bsngal la sogs pa'i bden pa zhes bya zhe na / / "
"556109","TD4027E.TXT.r_643;TD4027E.TXT.r_644"," 'di ltar de mi rtag pa la sogs pa'i mtshan nyid kyis te / / +de'i phyir sdug bsngal bden par 'dod // / ","1.192#TD4032E.TXT.r#1939455#1939457#TD4032E.TXT.r_3097;TD4032E.TXT.r_3098# de'i phyir 'di LTAR DE MI RTAG PA LA SOGS PA'I MTSHAN NYID KYIS TE / / +de'i PHYIR SDUG BSNGAL BDEN PAR 'DOD CES bya ba smos te / / "
"556117","TD4027E.TXT.r_645;TD4027E.TXT.r_646"," kun 'byung ba'i don rnam pa gsum gyis kun 'byung ba'i bden pa ste / / +kun 'byung ba'i don rnam pa  gsum ni / / ","0.024#TD4016.2E.TXT.r#2368884#2368884#TD4016.2E.TXT.r_6883# tshor BA RNAM PA GSUM GYIS MYONG ba'i don shes pa gang yin pa'o // / "
"556127","TD4027E.TXT.r_647;TD4027E.TXT.r_648;TD4027E.TXT.r_649"," bag chags dang ni kun nas 'byung // / +ma bral ba yang de bzhin no // / +bag chags kyi kun 'byung ba ni / / "
"556135","TD4027E.TXT.r_650;TD4027E.TXT.r_651"," kun brtags pa'i ngo bo nyid la mngon par zhen pa'i bag chags so // / +kun nas 'byung ba'i kun 'byung ba ni las dang nyon mongs pa rnams so // / "
"556145","TD4027E.TXT.r_652;TD4027E.TXT.r_653;TD4027E.TXT.r_654"," ma bral     // / +ba'i kun 'byung ni de bzhin nyid sgrib pa dang ma bral ba'o // / +'gog pa rnam pa gsum gyis 'gog pa'i bden pa ste 'gog pa rnam pa gsum mo // / "
"556158","TD4027E.TXT.r_655;TD4027E.TXT.r_656;TD4027E.TXT.r_657"," 'gog pa rnam pa gsum ni // / +ngo bo nyid dang gnyis mi skye // / +dri ma zhi ba gnyis su 'dod // / ","0.0#TD4032E.TXT.r#1939642#1939644#TD4032E.TXT.r_3125;TD4032E.TXT.r_3126;TD4032E.TXT.r_3127;TD4032E.TXT.r_3128# 'gog PA RNAM PA GSUM GYIS rtsa ba'i de kho nar 'gog pa'i bden pa yin na de yang mi shes nas de'i phyir // / +'gog pa rnam pa gsum  ni ; / +ngo BO NYID DANG GNYIS MI SKYE // / "
"556167","TD4027E.TXT.r_658"," ngo bo nyid  kyis mi skye ba dang  gzung ba dang 'dzin pa gnyis mi skye ba dang  dri ma zhi ba gnyis kyang ste / / "
"556175","TD4027E.TXT.r_659;TD4027E.TXT.r_660"," so sor brtags pa'i 'gog pa dang  de bzhin nyid ces bya'o // / +'di ni 'gog pa rnam gsum ste // / "
"556183","TD4027E.TXT.r_661;TD4027E.TXT.r_662;TD4027E.TXT.r_663"," 'di lta ste / / +ngo bo nyid kyis 'gog pa dang  gnyis po 'gog pa dang   rang bzhin gyis 'gog pa'o // / +lam gyi bden pa rtsa ba'i de kho na rnam pa gsum du ji ltar gzhag ce na / / ","0.023#TD4034.2E.TXT.r#2900727#2900728#TD4034.2E.TXT.r_4607;TD4034.2E.TXT.r_4608# gang gis 'gog pa ni lam gyi bden pas 'gog pa ste / / ","0.023#TD4068E.TXT.r#578447#578447#TD4068E.TXT.r_995# kun 'byung yod do zhes mngon par yid ches pa dang 'gog pa dang lam gyi bden pa gnyis la 'gog pa ni thob par bya bar nus / / ","0.026#TD4032E.TXT.r#1939814#1939814#TD4032E.TXT.r_3153# de'i phyir lam GYI BDEN PA RTSA BA'I DE KHO NAR RNAM PA GSUM DU JI LTAR RAB tu gzhag ce na zhes dris pa dang de'i phyir / / ","0.029#TD4066E.TXT.r#2107746#2107746#TD4066E.TXT.r_807;TD4066E.TXT.r_808# kun 'byung ba yod do zhes yod par mngon par yid ches pa'i  rnam pa nyid dang ba'o // / +'gog pa dang lam gyi bden pa gnyis la bdag gis 'gog pa thob par bya ba dang  lam bskyed par nus so snyam du 'dod pa'i rnam pa ni dad pa'o // / "
"556198","TD4027E.TXT.r_664;TD4027E.TXT.r_665;TD4027E.TXT.r_666"," yongs su shes dang spang ba dang / / +thob par mngon sum bya bas ni // / +lam gyi bden pa yang dag bshad // / ","0.0#TD4021E.TXT.r#2101107#2101110#TD4021E.TXT.r_212;TD4021E.TXT.r_213;TD4021E.TXT.r_214;TD4021E.TXT.r_215# dri    ma zhi ba gnyis su 'dod // / +yongs SU SHES DANG SPANG BA DANG / / +thob PAR MNGON SUM BYA BAS NI // / "
"556208","TD4027E.TXT.r_667;TD4027E.TXT.r_668"," kun brtags pa ni yongs su shes par bya'o // / +gzhan gyi dbang ni yongs su shes par bya ba dang spang ba'o // / ","0.023#TD4051E.TXT.r#1242621#1242621#TD4051E.TXT.r_1414# gzhan gyi dbang gi mtshan nyid ces bya ba ni gzung ba dang 'dzin par yongs su rtog pa'i rjes su 'jug pa'i las dang nyon mongs pa gzhan dag gis dbang byas pa'i phyir te / / ","0.029#TD4018E.TXT.r#3030753#3030753#TD4018E.TXT.r_3516# ming dang  mtshan ma dang  rnam par rtog pa dang  de bzhin nyid dang  yang dag pa'i ye shes dang  chos lnga de dag kun tu brtags pa dang  gzhan gyi dbang dang  yongs su grub pa'i khyad par DU SHES PAR BYA'O // / "
"556217","TD4027E.TXT.r_669;TD4027E.TXT.r_670"," yongs su grub pa ni yongs su shes par bya ba dang  thob par mngon sum du bya'o // / +de ltar 'dir yongs su shes par bya ba dang  spang bar bya ba dang  mngon sum du byas pas lam gyi bden pa rnam par  gzhag par rig par bya'o // / "
"556235","TD4027E.TXT.r_671;TD4027E.TXT.r_672"," rags pa dang phra ba'i de kho na ni kun rdzob dang don dam pa'i bden pa'o // / +de rtsa ba'i de kho nar ji ltar rig par bya zhe na / / ","0.020#TD4027E.TXT.r#556464#556465#TD4027E.TXT.r_718;TD4027E.TXT.r_719# rab tu DBYE BA'I DE KHO NA RTSA BA'I DE KHO NAR JI LTAR RIG PAR BYA ZHE NA / / ","0.025#TD4032E.TXT.r#1941512#1941512#TD4032E.TXT.r_3434;TD4032E.TXT.r_3435# rab tu DBYE BA'I DE KHO NA LA rnam pa du ma yod  pa dang  de RTSA BA'I DE KHO NAR JI LTAR BSDU ba mi shes nas de'i phyir / / +rab tu DBYE BA'I DE KHO NA RTSA BA'I DE KHO NAR JI LTAR RIG PAR BYA ZHE NA ZHES dris pa dang de'i phyir / / ","0.027#TD4027E.TXT.r#556423#556423#TD4027E.TXT.r_707# BSDU BA'I DE KHO NA RTSA BA'I DE KHO NAR JI LTAR RIG PAR BYA  zhe na / / "
"556245","TD4027E.TXT.r_673;TD4027E.TXT.r_674;TD4027E.TXT.r_675;TD4027E.TXT.r_676"," brtags pa dang ni shes pa dang / / +de bzhin brjod pa rags pa yin // / +kun rdzob pa ni rnam pa gsum ste / / +brtags  pa'i kun rdzob dang  shes pa'i kun rdzob dang  brjod pa yang dag pa'i kun rdzob po // / ","0.023#TD4032E.TXT.r#1940164#1940167#TD4032E.TXT.r_3205;TD4032E.TXT.r_3206;TD4032E.TXT.r_3207;TD4032E.TXT.r_3208# yongs su grub  pa ni rnam par rtog pa dang brjod pa las 'das kyang stong pa nyid dang  de bzhin nyid dang  dri ma dang bcas pa dang  dri ma med pa la sogs pa'i rnam grangs kyis bstan pa ni brjod PA'I KUN RDZOB BO // / +kun rdzob rnam pa gsum po des kun rdzob kyi bden pa nyid de / / "
"556259","TD4027E.TXT.r_677;TD4027E.TXT.r_678"," des kun rdzob kyi bden pa nyid de rtsa ba'i de kho nar go rims bzhin du rig par bya'o // / +dam pa'i don ni gcig pu'o // / ","0.026#TD4016.3E.TXT.r#258880#258881#TD4016.3E.TXT.r_5598# 'jig rten pa'i don kho nas rnam par gzhag pa ma yin pa'i de kho na'i bar du'o // / ","0.029#TD4090.1E.TXT.r#1595022#1595022#TD4090.1E.TXT.r_26# don ji lta ba bzhin phyin ci ma log par ston pas na don bzhin ston pa'o // / ","0.029#TD4092.1E.TXT.r#1401407#1401407#TD4092.1E.TXT.r_199# don bzhin yin pa ni de bzhin gshegs pa ste de'i phyir don ji lta ba bzhin phyin ci ma log par ston pas don bzhin ston pa'o khyad par du byas so // / ","0.029#TD4054E.TXT.r#1006017#1006018#TD4054E.TXT.r_2518# rkyen so so las kun du skye ba'i don dang  rgyu dang bcas pa las 'byung ba'i don dang  sems can med pa'i don dang  gzhan gyi dbang gi don dang   gyo ba med pa'i don dang  mi rtag pa'i don dang  skad cig ma'i don dang  rgyu dang 'bras bu'i rgyun mi 'chad pa'i don dang  rgyu dang 'bras bu mthun pa'i don dang  rgyu dang 'bras bu sna tshogs pa'i don dang  rgyu dang 'bras bu so sor nges pa'i don ni rkyen so so la kun du skye ba'i don to // / "
"556268","TD4027E.TXT.r_679;TD4027E.TXT.r_680"," don dam pa'i bden pa ni yongs su grub pa'i ngo bo nyid gcig  pur rig par bya'o // / +de yang ji ltar don dam pa yin zhe na / / ","0.029#TD4032E.TXT.r#1940260#1940260#TD4032E.TXT.r_3226# brtags  pa dang ni gzhan dbang gnyis ni don dam par mi srid pa'i phyir DON DAM PA'I BDEN PA NI YONGS SU GRUB PA'I NGO BO NYID GCIG PUR RIG PAR BYA'O // / "
"556278","TD4027E.TXT.r_681;TD4027E.TXT.r_682;TD4027E.TXT.r_683"," don dang thob dang sgrub pa ni // / +don dam rnam pa gsum du 'dod // / +don dam pa ni de bzhin nyid de ye shes dam pa'i don yin pa'i phyir ro // / ","0.025#TD4032E.TXT.r#1940273#1940274#TD4032E.TXT.r_3227;TD4032E.TXT.r_3229;TD4032E.TXT.r_3230;TD4032E.TXT.r_3228# yongs su grub pa de yang ci'i phyir don dam pa zhes bya zhe na / / +don DANG THOB DANG SGRUB PA NI // / +don DAM RNAM PA GSUM DU  'dod // / ","0.027#TD4085E.TXT.r#1511394#1511394#TD4085E.TXT.r_20;TD4085E.TXT.r_21# DON DANG THOB DANG SGRUB PA DANG / / +don DAM RNAM PA GSUM DU 'DOD // / ","0.029#TD4021E.TXT.r#2101126#2101126#TD4021E.TXT.r_219;TD4021E.TXT.r_220# DON DANG THOB DANG SGRUB PA  ni ; / / +don DAM RNAM PA GSUM DU 'DOD // / "
"556290","TD4027E.TXT.r_684;TD4027E.TXT.r_685"," thob par bya ba'i don dam pa ni mya ngan las 'das pa ste don gyi dam pa    yin pa'i phyir ro // / +sgrub pa don dam pa ni lam ste de'i don ni dam pa yin pa'i phyir ro // / "
"556302","TD4027E.TXT.r_686;TD4027E.TXT.r_687"," 'dus ma byas dang 'dus byas yongs su grub pa'i ngo bo nyid du ji skad du brjod ce na / / +'gyur med phyin ci ma log pa // / ","0.026#TD4016.1E.TXT.r#499696#499696#TD4016.1E.TXT.r_6600# 'di ltar de bzhin nyid kyi don  dam pa ni 'dus byas dang  'dus ma byas la sogs pa yongs su spang ba'i phyir ro // / "
"556312","TD4027E.TXT.r_688;TD4027E.TXT.r_689"," yongs su grub pa rnam pa gnyis // / +'dus ma byas ni 'gyur ba med  par yongs su grub pas yongs su grub pa'o // / "
"556320","TD4027E.TXT.r_690;TD4027E.TXT.r_691;TD4027E.TXT.r_692"," 'dus byas 'di lam gyis bsdus pa ste / / +phyin ci ma log pas yongs su grub pa ste / / +shes bya'i dngos po la phyin ci log med pa'i phyir ro // / ","0.028#TD4032E.TXT.r#1940537#1940537#TD4032E.TXT.r_3284;TD4032E.TXT.r_3285# 'dus ma byas ni gzhan du 'gyur ba med pa'i phyir 'gyur ba med PAR YONGS SU 'GRUB PAS YONGS SU GRUB PA'O // / +'dus BYAS NI LAM GYIS BSDUS PA LA bya'i gzhan la ma yin te / / "
"556331","TD4027E.TXT.r_693"," grags pa de kho na rtsa ba'i de kho na la blo ji ltar rnam par gzhag ce na / / "
"556339","TD4027E.TXT.r_694;TD4027E.TXT.r_695"," grags  pa'i de kho na ni rnam pa gnyis te / / +'jig rten gyi grags pa dang  rigs pa'i grags pa'o // / "
"556347","TD4027E.TXT.r_696;TD4027E.TXT.r_697;TD4027E.TXT.r_698;TD4027E.TXT.r_699"," de la / / +gcig gis 'jig rten grags pa ste // / +kun brtags pa'i ngo bo nyid kyis te / / +'jig rten pa thams cad kyi brda la 'dris pa'i rjes su zhugs pa'i blos dngos po gang  la 'di ni sa yin gyi me ma yin no zhes bya ba dang  'di ni gzugs yin gyi sgra ma yin no zhes bya ba la sogs par lta ba mthun pa yin no // / "
"556371","TD4027E.TXT.r_700;TD4027E.TXT.r_701"," gsum gyis rigs pa'i grags pa'o // / +gang zag dam pa rigs pa'i don la mkhas pa rtog ge pa spyod yul can dag tshad ma  gsum la brten nas 'thad pas sgrub pa'i rigs pas grags pa'i dngos po'o // / ","0.019#TD4037E.TXT.r#1322060#1322068#TD4037E.TXT.r_866# nyan thos dang rang sangs rgyas thams cad kyi zag pa med pa dang  zag pa med pa  thob par byed pa dang  zag pa med pa'i rjes las thob pa 'jig rten pa'i shes pas spyod yul du bya ba'i yul de ni nyon mongs pa'i sgrib pa rnam par dag pa'i shes pa'i spyod yul gyi de kho na zhes bya ste / / ","0.021#TD4016.3E.TXT.r#261444#261446#TD4016.3E.TXT.r_5944;TD4016.3E.TXT.r_5945;TD4016.3E.TXT.r_5946;TD4016.3E.TXT.r_5947# rten cing 'brel par 'byung ba'am / / +sdug bsngal ba'am / / +stong pa'am / / +bdag med pa'am zhes tshad ma gsum po 'di lta ste / / ","0.021#TD4036E.TXT.r#19017#19019#TD4036E.TXT.r_2767;TD4036E.TXT.r_2768;TD4036E.TXT.r_2769;TD4036E.TXT.r_2770# rten cing 'brel par 'byung ba'am / / +sdug bsngal ba'am / / +stong pa'am / / +bdag med pa'o zhes tshad ma gsum po 'di lta ste / / ","0.021#TD4047E.TXT.r#1215586#1215586#TD4047E.TXT.r_13386;TD4047E.TXT.r_13387# de yang rnam par rtog pa can gyi shes pas mtshan mar bya bar mi  nus pas te / / +rnam par mi rtog pa'i ye shes kyi spyod yul yin pa'i phyir ro // / ","0.024#TD4016.3E.TXT.r#258989#258989#TD4016.3E.TXT.r_5612;TD4016.3E.TXT.r_5613# nyan thos dang rang sangs rgyas thams cad kyi zag pa med pa'i thabs kyi shes pa dang  zab pa med pa'i yang dag pa'i shes pa dang  zag pa med pa'i rjes las thob pa'i 'jig     // / +rten pa'i shes pas spyod yul du bya ba'i yul de ni nyon mongs pa'i sgrib pa rnam par dag pa'i shes pa'i spyod yul gyi de kho na zhes bya'o // / ","0.026#TD4035E.TXT.r#125458#125461#TD4035E.TXT.r_116# rna ba'i spyod yul dang  rna ba'i yul dang  rna ba'i rnam par shes pa'i spyod yul dang  rna ba'i rnam par shes pa'i yul dang  rna ba'i rnam par shes pa'i dmigs pa dang  yid kyi rnam par shes pa'i spyod yul dang  yid kyi rnam par shes pa'i yul dang  yid kyi rnam par     // / ","0.027#TD4049E.TXT.r#2291358#2291358#TD4049E.TXT.r_734;TD4049E.TXT.r_735# yang shes bya'i chos rnams ni / / +mos pa'i shes pa'i spyod yul dang  rigs pa'i shes pa'i spyod yul dang  rnam par 'phro ba  med pa'i shes pa'i spyod yul dang  so so rang gis shes pa'i spyod yul dang  gzhan gyi bdag nyid shes pa'i spyod yul dang  'og ma shes pa'i spyod yul dang  gong ma shes pa'i spyod yul dang  rnam par sun 'byin pa'i shes pa'i spyod yul dang  kun nas mi ldang  ba shes pa'i spyod yul dang  mi skye ba shes pa'i spyod yul dang  shes pa shes pa'i spyod yul dang  mthar thug pa shes pa'i spyod yul dang  don chen po shes pa'i spyod yul gyi phyir yang ngo // / ","0.027#TD4054E.TXT.r#1000572#1000572#TD4054E.TXT.r_1536# yang shes bya'i chos rnams ni mos pas shes pa'i  spyod yul dang  rig pas shes pa'i spyod yul dang  rnam par 'phro ba med pas shes pa'i spyod yul dang  so so rang gis shes pas spyod yul dang  gzhan gyis bdag nyid shes pas spyod yul dang  'og ma shes pas spyod yul dang  gong ma shes pas spyod yul dang  rnam par  sun 'byin pa shes pas spyod yul dang  kun nas ldang ba shes pas spyod yul dang  mi skye ba shes pas spyod yul dang  shes pa shes pas spyod yul dang  mthar thug pa shes pas spyod yul dang  don chen po shes pas spyod yul lo // / ","0.029#TD4016.2E.TXT.r#2360114#2360114#TD4016.2E.TXT.r_5728# de la sems kyi mtshan ma zhes bya ba ni sngar bstan pa'i lhag mthong gis dmigs par bya ba'i spyod yul gang yin pa'o // / "
"556390","TD4027E.TXT.r_702;TD4027E.TXT.r_703"," rnam par dag pa'i spyod yul gyi de kho na nyid rnam pa gnyis te / / +nyon mongs pa'i sgrib pa rnam par dag pa'i ye shes kyi spyod yul dang  shes bya'i sgrib pa rnam par dag pa'i ye shes kyi spyod  yul lo // / ","0.0#TD4032E.TXT.r#1940941#1940944#TD4032E.TXT.r_3353# nyon MONGS PA'I SGRIB PA RNAM PAR DAG  PA'I YE SHES KYI SPYOD YUL DANG SHES BYA'I SGRIB PA RNAM PAR DAG PA'I YE SHES KYI SPYOD YUL LO ZHES bya ba smos so // / ","0.0#TD4035E.TXT.r#175368#175373#TD4035E.TXT.r_8913# 'jig rten gyi grags pa dang  rigs pa'i grags pa dang  nyon MONGS PA'I SGRIB PA RNAM PAR DAG PA'I YE SHES KYI SPYOD YUL DANG  SHES BYA'I SGRIB PA RNAM PAR DAG PA'I YE SHES KYI SPYOD YUL DANG  yongs su tshol ba bzhi ste / / ","0.0#TD4038.1E.TXT.r#2761400#2761404#TD4038.1E.TXT.r_8560# 'jig rten gyi grags pa dang  rigs    pa'i grags pa dang nyon MONGS PA'I SGRIB PA RNAM PAR DAG PA'I YE SHES KYI SPYOD YUL DANG  SHES BYA'I SGRIB PA RNAM PAR DAG PA'I YE SHES KYI SPYOD YUL DANG  rnam par bzhag pa dang  rnam par ma bzhag pa'o // / ","0.013#TD4047E.TXT.r#1215585#1215586#TD4047E.TXT.r_13386;TD4047E.TXT.r_13387# de yang rnam par rtog pa can gyi shes pas mtshan mar bya bar mi  nus pas te / / +rnam par mi RTOG PA'I YE SHES KYI SPYOD YUL YIN pa'i phyir ro // / ","0.015#TD4016.1E.TXT.r#525365#525365#TD4016.1E.TXT.r_9906;TD4016.1E.TXT.r_9907# rnam par mi rtog pa yin gyi / / +rjes las THOB PA'I YE SHES KYI rnam PA'I SPYOD YUL NI MA yin te / / ","0.016#TD4038.2E.TXT.r#3093518#3093518#TD4038.2E.TXT.r_95# yang dag pa'i SHES PA'I SPYOD YUL GYI mtshan nyid do // / ","0.018#TD4016.3E.TXT.r#258989#258989#TD4016.3E.TXT.r_5612;TD4016.3E.TXT.r_5613# nyan thos dang rang sangs rgyas thams cad kyi zag pa med pa'i thabs kyi shes pa dang  zab pa med pa'i yang dag pa'i shes pa dang  zag pa med pa'i rjes las thob pa'i 'jig     // / +rten pa'i shes pas spyod yul du bya ba'i yul de ni nyon MONGS PA'I SGRIB PA RNAM PAR DAG PA'I SHES PA'I SPYOD YUL GYI DE KHO NA ZHES bya'o // / ","0.018#TD4079E.TXT.r#763965#763966#TD4079E.TXT.r_1278# ji ltar bsams pa de nyid kyi don nang gi ting nge 'dzin gyi  gzugs brnyan gyi spyod yul lhag par mos pas so sor brtag par bya ste / / ","0.019#TD4044E.TXT.r#387891#387891#TD4044E.TXT.r_1191# legs par dpyad cing nges pa'i SHES PA'I SPYOD YUL GYI SHES BYA'I dngos po 'thad pa sgrub pa'i rigs pas rab tu bsgrubs shing rnam par gzhag pa de ni 'di skad du brjod de / / ","0.019#TD4035E.TXT.r#125458#125461#TD4035E.TXT.r_116# rna ba'i spyod yul dang  rna ba'i yul dang  rna ba'i RNAM PAR SHES PA'I SPYOD YUL DANG  rna ba'i rnam par shes pa'i yul dang  rna ba'i rnam par shes pa'i dmigs pa dang  yid kyi RNAM PAR SHES PA'I SPYOD YUL DANG  yid kyi rnam par shes pa'i yul dang  yid kyi rnam par     // / ","0.020#TD4044E.TXT.r#387946#387947#TD4044E.TXT.r_1197# SHES BYA'I SGRIB PA RNAM PAR DAG PA'I SHES PA'I SPYOD YUL GYI DE KHO NA RNAM par gzhag pa ni gnyis su med pa'i rang bzhin te / / ","0.020#TD4044E.TXT.r#387964#387967#TD4044E.TXT.r_1199# bsgoms pas rtogs par bya BA'I SHES BYA'I SGRIB PA RNAM PAR DAG PA'I SHES PA'I SPYOD YUL GYI DE KHO NA RNAM par gzhag pa ni gnyis su med pa'i rang bzhin te / / ","0.022#TD4027E.TXT.r#555704#555708#TD4027E.TXT.r_571# rtsa ba'i    de kho na dang  mtshan NYID KYI DE KHO NA dang  phyin ci ma log pa'i de kho na dang  'bras bu dang rgyu'i de kho na dang  rags pa dang phra ba'i de kho na dang  grags pa'i de kho na dang  RNAM PAR DAG PA'I SPYOD YUL GYI DE KHO NA DANG  bsdu ba'i de kho na dang  rab tu dbye ba'i de kho na dang  mkhas  pa'i de kho na ste / / ","0.022#TD4037E.TXT.r#1322046#1322046#TD4037E.TXT.r_865# nyon MONGS PA'I SGRIB PA RNAM PAR DAG PA'I SHES PA'I SPYOD YUL GYI DE KHO NA GANG zhe na / / ","0.023#TD4038.2E.TXT.r#3097677#3097677#TD4038.2E.TXT.r_857# nyon MONGS PA'I SGRIB PA RNAM PAR DAG PA'I YE SHES KYI SPYOD YUL GYI DE KHO NA DANG  shes bya'i  SGRIB PA RNAM PAR DAG PA'I YE SHES KYI SPYOD YUL GYI DE KHO NA NI dngos po gnyis kyis bsdus so // / ","0.024#TD4016.2E.TXT.r#2341720#2341720#TD4016.2E.TXT.r_3577# DE KHO NA YID LA byed pas zhi gnas dang lhag mthong la dmigs pa'i spyod yul gang yin pa'o // / ","0.025#TD4009E.TXT.r#348062#348062#TD4009E.TXT.r_3779;TD4009E.TXT.r_3780# gnyis pas ni 'dris pa yongs su mi shes pa'i nyes pa'o // / +gsum pa dang  bzhi pas ni spyod yul gyi nyes pa'o // / ","0.026#TD4044E.TXT.r#386796#386796#TD4044E.TXT.r_975;TD4044E.TXT.r_976# rang gi spobs pa las byung ba so so'i skye bo dpyod pa'i rjes su dpyod par zhugs pa rnams kyis yin gyi / / +de kho na nyid kyi rjes su zhugs pa'i sa pa'i yul ni ma yin no zhes bya ba'i don to // / ","0.026#TD4037E.TXT.r#1322088#1322088#TD4037E.TXT.r_869# de bas na nyon MONGS PA'I SGRIB PA RNAM PAR DAG PA'I SHES PA'I SPYOD YUL GYI DE KHO NA ZHES bya'o // / ","0.026#TD4016.1E.TXT.r#492503#492503#TD4016.1E.TXT.r_5713;TD4016.1E.TXT.r_5714# yang dag pa'i yul yod pa ma yin par bstan pa dang  'on kyang yul bya ba man chad kyis btags pa'i yul med pa ma yin par bstan pa'o // / +'di ni yang dag pa'i yul yod pa ma yin par bstan pa  ste ; / ","0.026#TD4044E.TXT.r#387910#387912#TD4044E.TXT.r_1193# nyon MONGS PA'I SGRIB PA RNAM PAR DAG PA'I SHES PA'I SPYOD YUL GYI DE KHO NA DANG SHES BYA'I SGRIB PA RNAM PAR DAG PA'I SHES BYA'I SPYOD YUL GYI DE KHO NA NI bsgoms pas rtogs par bya ba ste / / ","0.027#TD4016.2E.TXT.r#2360114#2360114#TD4016.2E.TXT.r_5728# de la sems kyi mtshan ma zhes bya ba ni sngar bstan pa'i lhag mthong gis dmigs PAR BYA BA'I SPYOD YUL gang yin pa'o // / ","0.028#TD4037E.TXT.r#1321902#1321902#TD4037E.TXT.r_845# 'jig rten gyi grags pa dang  rigs pa grags pa dang  nyon MONGS PA'I SGRIB PA RNAM PAR DAG PA'I SHES PA'I SPYOD YUL DANG  shes bya'i sgrib  PA RNAM PAR DAG PA'I SHES PA'I SPYOD YUL LO // / ","0.028#TD4047E.TXT.r#1196250#1196250#TD4047E.TXT.r_10693;TD4047E.TXT.r_10694# bya ba de lta bu la ngo tsha bar 'gyur bas na sgyu med par gyur pa yin no // / +yul la sogs pa'i rjes su 'jug pas spyod pa phun sum tshogs pa'o // / ","0.028#TD4016.3E.TXT.r#258997#258997#TD4016.3E.TXT.r_5613# rten pa'i shes pas spyod yul du bya ba'i yul de ni nyon MONGS PA'I SGRIB PA RNAM PAR DAG PA'I SHES PA'I SPYOD YUL GYI DE KHO NA ZHES bya'o // / ","0.028#TD4093.2E.TXT.r#1999756#1999756#TD4093.2E.TXT.r_3135# rna ba'i rnam par shes pa ni sgra'i rang gi ngo bo tsam gyi yul can yin pa'i phyir dang  rnam par rtog pa med pa'i phyir la ming la byang ba yang tshig rtogs pa la ltos nas don de go bas tshig gi don ni yid kyi rnam par shes pa'i  yul kho na yin gyi rna ba'i rnam par shes pa'i yul ni ma yin no // / ","0.029#TD4049E.TXT.r#2291358#2291358#TD4049E.TXT.r_734;TD4049E.TXT.r_735# yang shes bya'i chos rnams ni / / +mos pa'i SHES PA'I SPYOD YUL DANG  rigs pa'i SHES PA'I SPYOD YUL DANG  rnam par 'phro ba  med pa'i SHES PA'I SPYOD YUL DANG  so so rang gis SHES PA'I SPYOD YUL DANG  gzhan gyi bdag nyid SHES PA'I SPYOD YUL DANG  'og ma SHES PA'I SPYOD YUL DANG  gong ma SHES PA'I SPYOD YUL DANG  rnam par sun 'byin pa'i SHES PA'I SPYOD YUL DANG  kun nas mi ldang  ba SHES PA'I SPYOD YUL DANG  mi skye ba SHES PA'I SPYOD YUL DANG  shes pa SHES PA'I SPYOD YUL DANG  mthar thug pa SHES PA'I SPYOD YUL DANG  don chen po SHES PA'I SPYOD YUL GYI phyir yang ngo // / ","0.029#TD4054E.TXT.r#1000572#1000572#TD4054E.TXT.r_1536# yang shes bya'i chos rnams ni mos pas shes pa'i  spyod yul dang  rig pas SHES PA'I SPYOD YUL DANG  rnam par 'phro ba med pas SHES PA'I SPYOD YUL DANG  so so rang gis SHES PAS SPYOD YUL DANG  gzhan gyis bdag nyid SHES PAS SPYOD YUL DANG  'og ma SHES PAS SPYOD YUL DANG  gong ma SHES PAS SPYOD YUL DANG  rnam par  sun 'byin pa SHES PAS SPYOD YUL DANG  kun nas ldang ba SHES PAS SPYOD YUL DANG  mi skye ba SHES PAS SPYOD YUL DANG  shes pa SHES PAS SPYOD YUL DANG  mthar thug pa SHES PAS SPYOD YUL DANG  don chen po SHES PAS SPYOD YUL LO // / "
"556406","TD4027E.TXT.r_704;TD4027E.TXT.r_705"," rnam dag spyod yul rnam gnyis te // / +gcig pu kho nar brjod pa yin // / ","0.0#TD4021E.TXT.r#2101144#2101146#TD4021E.TXT.r_224;TD4021E.TXT.r_225;TD4021E.TXT.r_226# gsum gyis rigs pa'i grags pa'o // / +rnam DAG SPYOD YUL RNAM GNYIS TE // / "
"556414","TD4027E.TXT.r_706"," yongs su grub pa'i ngo bo nyid du brjod de ngo bo nyid gzhan ni rnam par dag pa'i ye shes rnam pa gnyis kyi spyod yul ma yin no // / ","0.023#TD4032E.TXT.r#1941138#1941138#TD4032E.TXT.r_3379;TD4032E.TXT.r_3380# 'dir rgyu smos pa / / +ngo BO NYID GZHAN NI RNAM PAR DAG PA'I YE SHES RNAM PA GNYIS KYI SPYOD YUL MA YIN NO     // / "
"556423","TD4027E.TXT.r_707;TD4027E.TXT.r_708"," bsdu ba'i de kho na rtsa ba'i de kho nar ji ltar rig par bya  zhe na / / +rgyu dang rnam par rtog pa dang / / ","0.025#TD4032E.TXT.r#1941512#1941512#TD4032E.TXT.r_3434;TD4032E.TXT.r_3435# rab tu DBYE BA'I DE KHO NA LA rnam pa du ma yod  pa dang  DE RTSA BA'I DE KHO NAR JI LTAR BSDU ba mi shes nas de'i phyir / / +rab tu DBYE BA'I DE KHO NA RTSA BA'I DE KHO NAR JI LTAR RIG PAR BYA ZHE NA ZHES dris pa dang de'i phyir / / ","0.026#TD4016.2E.TXT.r#2341720#2341720#TD4016.2E.TXT.r_3577# de kho na yid la byed pas zhi gnas dang lhag mthong la dmigs pa'i spyod yul gang yin pa'o // / ","0.027#TD4027E.TXT.r#556237#556237#TD4027E.TXT.r_671;TD4027E.TXT.r_672# rags pa dang PHRA BA'I DE KHO NA NI kun rdzob dang don dam pa'i bden pa'o // / +de RTSA BA'I DE KHO NAR JI LTAR RIG PAR BYA ZHE NA / / "
"556432","TD4027E.TXT.r_709;TD4027E.TXT.r_710;TD4027E.TXT.r_711"," ming ni rnam pa gnyis su bsdu // / +ci rigs su sbyar ro // / +dngos po lnga las brtsams te / / "
"556441","TD4027E.TXT.r_712;TD4027E.TXT.r_713"," rgyu dang rnam par rtog pa gnyis ni gzhan gyi dbang du bsdu'o // / +ming ni kun brtags par bsdu'o // / ","0.0#TD4018E.TXT.r#3057206#3057206#TD4018E.TXT.r_6872# mtshan ma dang  RNAM PAR RTOG PA GNYIS NI GZHAN GYI DBANG DU BSDU'O // / "
"556451","TD4027E.TXT.r_714;TD4027E.TXT.r_715;TD4027E.TXT.r_716;TD4027E.TXT.r_717"," yang dag ye shes rab kho na // / +gcig     // / +pu kho nas bsdus pa yin // / +de bzhin nyid dang yang dag pa'i mtha'i ye shes ni yongs su grub pa'i ngo bo nyid kyis bsdus so // / "
"556463","TD4027E.TXT.r_718;TD4027E.TXT.r_719"," rab tu dbye ba'i de kho na rtsa ba'i de kho nar ji ltar rig par bya zhe na / / +rab tu dbye ba'i de kho na rnam pa bdun te / / ","0.020#TD4027E.TXT.r#556237#556237#TD4027E.TXT.r_671;TD4027E.TXT.r_672# rags pa dang PHRA BA'I DE KHO NA NI kun rdzob dang don dam pa'i bden pa'o // / +de RTSA BA'I DE KHO NAR JI LTAR RIG PAR BYA ZHE NA / / ","0.021#TD4032E.TXT.r#1941512#1941512#TD4032E.TXT.r_3434;TD4032E.TXT.r_3435# RAB TU DBYE BA'I DE KHO NA LA rnam pa du ma yod  pa dang  DE RTSA BA'I DE KHO NAR JI LTAR BSDU ba mi shes nas de'i phyir / / +RAB TU DBYE BA'I DE KHO NA RTSA BA'I DE KHO NAR JI LTAR RIG PAR BYA ZHE NA ZHES dris pa dang de'i phyir / / ","0.023#TD4027E.TXT.r#556422#556423#TD4027E.TXT.r_706;TD4027E.TXT.r_707# yongs su grub pa'i ngo bo nyid du brjod de ngo bo nyid gzhan ni rnam par dag pa'i ye shes rnam pa gnyis kyi spyod yul ma yin no // / +bsdu BA'I DE KHO NA RTSA BA'I DE KHO NAR JI LTAR RIG PAR BYA  zhe na / / ","0.028#TD4032E.TXT.r#1941186#1941186#TD4032E.TXT.r_3387# de'i phyir RTSA BA'I DE KHO NA RNAM PA GSUM du BSDU BA'I DE KHO NA JI LTAR RIG PAR BYA ZHE NA ZHES dris pa dang  RTSA BA'I DE KHO NA RNAM PA  gsum du BSDU BA'I DE KHO NA 'DUS par bstan pa'i phyir / / "
"556474","TD4027E.TXT.r_720"," 'jug pa'i de kho  na dang  mtshan nyid kyi de kho na dang  rnam par rig pa'i de kho na dang  gnas pa'i de kho na dang  log par sgrub pa'i de kho na dang  rnam par dag pa'i de kho na dang  yang dag par sgrub pa'i de kho na ste / / ","0.0#TD4016.1E.TXT.r#539975#539987#TD4016.1E.TXT.r_11798;TD4016.1E.TXT.r_11799;TD4016.1E.TXT.r_11800;TD4016.1E.TXT.r_11801# 'di lta ste / / +'jug PA'I DE KHO NA DANG  yang dag PA'I MTSHAN NYID KYI DE KHO NA DANG  RNAM PAR RIG PA'I DE KHO NA DANG  GNAS PA'I DE KHO NA     // / ","0.012#TD4032E.TXT.r#1941774#1941779#TD4032E.TXT.r_3477;TD4032E.TXT.r_3478# yang dag sgrub pa gcig pu'o // / +zhes bya ba ni mtshan nyid  KYI DE KHO NA DANG  RNAM PAR RIG PA'I DE KHO NA DANG  RNAM PAR DAG PA'I DE KHO NA DANG  YANG DAG PAR SGRUB PA'I DE KHO NA STE / / ","0.017#TD4032E.TXT.r#1941803#1941805#TD4032E.TXT.r_3481;TD4032E.TXT.r_3482# de LA MTSHAN NYID KYI DE KHO NA DANG RNAM PAR DAG PA'I DE KHO NA gnyis ni  gzhan du 'gyur ba med par yongs su grub pas yongs su grub pa'o // / +rnam PAR RIG PA'I DE KHO NA DANG  YANG DAG PAR SGRUB PA'I DE KHO NA gnyis ni phyin ci ma log par yongs su grub pas yongs su grub pa'o // / ","0.018#TD4027E.TXT.r#557327#557331#TD4027E.TXT.r_878# nga rgyal med pa'i SNANG BA'I DE KHO NA DANG  phyin ci log gi gnyen po'i SNANG BA'I DE KHO NA DANG  nyan thos kyi theg pas nges par 'byung ba SNANG BA'I DE KHO NA DANG  rags pas yongs su  smin par byed cing phra bas rnam par grol bar byed pa'i phyir theg pa chen pos nges par 'byung ba SNANG BA'I DE KHO NA DANG  dpe la brten te rigs pas tshar gcod pa'i phyir phas kyi rgol ba tshar gcod pa SNANG BA'I DE KHO NA DANG  theg pa chen po mngon par brjod pa SNANG BA'I DE KHO NA DANG  shes  bya'i rnam pa thams cad la 'jug pa SNANG BA'I DE KHO NA DANG  ma nor ba'i de bzhin nyid mngon par brjod pa SNANG BA'I DE KHO NA DANG  bdag tu 'dzin pa'i gzhi la dgongs pa thams cad rtogs pa SNANG BA'I DE KHO NA'o // / ","0.021#TD4032E.TXT.r#1946900#1946902#TD4032E.TXT.r_4184# bdag tu 'dzin pa'i gzhi la dgongs pa thams cad rtogs PAR SNANG BA'I DE KHO NA ZHES bya ba ni MKHAS PA'I DE KHO NA STE / / ","0.023#TD4032E.TXT.r#1921121#1921121#TD4032E.TXT.r_235;TD4032E.TXT.r_236# rmongs pa spangs nas sgrib pa la mkhas par bya ba'i phyir sgrib pa'o // / +des de kho na bsgribs pas de kho na la mkhas par bya ba'i phyir de'i 'og tu de kho na'o // / ","0.024#TD4047E.TXT.r#1142023#1142023#TD4047E.TXT.r_3009;TD4047E.TXT.r_3010# shes rab de nyid la bsgom pa rab kyi mthar thug par gyur pa dang ldan pa ni de kho na mchog shes pa la slob pa'o // / +de kho na mchog shes pa gang yin pa de la slob pas rim gyis theg pa chen pos yongs su mya ngan  las 'da' bar 'gyur ro zhes bstan pa'i phyir smras pa / / ","0.024#TD4027E.TXT.r#557367#557367#TD4027E.TXT.r_878# nga rgyal med pa'i SNANG BA'I DE KHO NA DANG  phyin ci log gi gnyen po'i SNANG BA'I DE KHO NA DANG  nyan thos kyi theg pas nges par 'byung ba SNANG BA'I DE KHO NA DANG  rags pas yongs su  smin par byed cing phra bas rnam par grol bar byed pa'i phyir theg pa chen pos nges par 'byung ba SNANG BA'I DE KHO NA DANG  dpe la brten te rigs pas tshar gcod pa'i phyir phas kyi rgol ba tshar gcod pa SNANG BA'I DE KHO NA DANG  theg pa chen po mngon par brjod pa SNANG BA'I DE KHO NA DANG  shes  bya'i rnam pa thams cad la 'jug pa SNANG BA'I DE KHO NA DANG  ma nor ba'i de bzhin nyid mngon par brjod pa SNANG BA'I DE KHO NA DANG  bdag tu 'dzin pa'i gzhi la dgongs pa thams cad rtogs pa SNANG BA'I DE KHO NA'o // / ","0.027#TD4027E.TXT.r#557310#557310#TD4027E.TXT.r_874;TD4027E.TXT.r_875# me long LTA BA'I DE KHO NA DANG  snang ba'i de kho na'o // / +de la me long lta bu'i de kho na  ni rtsa BA'I RE KHO NA STE / / ","0.029#TD4032E.TXT.r#1941554#1941554#TD4032E.TXT.r_3439;TD4032E.TXT.r_3440# dgongs pa nges par 'grel pa las 'jug pa'i de bzhin nyid NAS YANG DAG PAR SGRUB PA'I DE BZHIN nyid kyi bar du de bzhin nyid rnam pa bdun bka' stsal pa gang yin pa de nyid 'dir 'jug PA'I DE KHO NA NAS / / +YANG DAG PAR SGRUB PA'I DE KHO NA'I bar du rab tu DBYE BA'I DE KHO NA  rnam pa bdun du bshad do // / "
"556489","TD4027E.TXT.r_721;TD4027E.TXT.r_722"," dgongs pa nges par 'grel ba'i mdo las / / +de bzhin  nyid rnam pa bdun 'byung ba gang yin pa de dag nyid do // / "
"556499","TD4027E.TXT.r_723;TD4027E.TXT.r_724;TD4027E.TXT.r_725"," de la / / +'jug de kho na rnam pa gnyis // / +rtsa ba'i de kho na kun brtags pa dang  gzhan gyi dbang gi mtshan nyid du rig par bya'o // / ","0.0#TD4032E.TXT.r#1941678#1941683#TD4032E.TXT.r_3462;TD4032E.TXT.r_3463# de la 'jug pa DE KHO NA RNAM PA GNYIS / / +rtsa BA'I DE KHO NA KUN BRTAGS PA DANG  GZHAN GYI DBANG GI MTSHAN NYID DU RIG PAR BYA'O ZHES bya ba de la 'jug pa ni tshe'i rgyun thog ma med pa can te / / ","0.020#TD4029E.TXT.r#2137969#2137971#TD4029E.TXT.r_2264;TD4029E.TXT.r_2265# gzugs dang  sems dang  sems las byung ba dang  sems dang ldan pa ma yin pa'i  'du byed dag dang  'dus ma byas zhes bya ba rnam pa lngas bshad pa gang yin pa'o // / +mtshan nyid NI KUN BRTAGS PA DANG  gzhan gyi dbang du yongs su grub pa'i mtshan nyid rnams so // / "
"556511","TD4027E.TXT.r_726;TD4027E.TXT.r_727;TD4027E.TXT.r_728"," 'jug pa'i de kho na ji lta ba bzhin du / / +gnas pa dang ni ngan par zhugs // / +gnas pa dang log par sgrub pa'i de kho na yang de bzhin du rtsa ba'i de kho na rnam pa gnyis su rig par bya'o // / ","0.021#TD4032E.TXT.r#1941745#1941745#TD4032E.TXT.r_3474;TD4032E.TXT.r_3475# zhes bya BA LA LOG PAR SGRUB PA NI NGAN PAR ZHUGS PA'O // / +de BZHIN DU RTSA BA'I DE KHO NA RNAM PA GNYIS SU'O zhes  bya ba ni sdug bsngal dang kun 'byung ba gnyis rgyu dang rkyen gyis rab tu phye ba dang  kun rtog pa'i yul yin pa'i phyir gnas pa dang  LOG PAR SGRUB PA'I DE KHO NA RNAM PA GNYIS SU BSDU ba'o // / "
"556526","TD4027E.TXT.r_729;TD4027E.TXT.r_730;TD4027E.TXT.r_731"," mtshan nyid rnam par rig dang dag / / +yang dag sgrub pa gcig pu'o // / +mtshan nyid kyi de kho na la sogs pa bzhi ni rtsa ba'i de kho na gcig ste / / ","0.0#TD4032E.TXT.r#1941766#1941772#TD4032E.TXT.r_3475;TD4032E.TXT.r_3476;TD4032E.TXT.r_3477;TD4032E.TXT.r_3478# de BZHIN DU RTSA BA'I DE KHO NA RNAM pa gnyis su'o zhes  bya ba ni sdug bsngal dang kun 'byung ba gnyis rgyu dang rkyen gyis rab tu phye ba dang  kun rtog pa'i yul yin pa'i phyir gnas pa dang  log par sgrub pa'i de kho na rnam pa gnyis su bsdu ba'o // / +mtshan NYID RNAM PAR RIG DANG DAG / / "
"556538","TD4027E.TXT.r_732;TD4027E.TXT.r_733;TD4027E.TXT.r_734"," yongs su grub pa'i  mtshan nyid do // / +mkhas de kho na rnam bcu ni // / +bdag tu lta ba'i gnyen po'o // / ","0.0#TD4027E.TXT.r#555681#555682#TD4027E.TXT.r_566;TD4027E.TXT.r_567;TD4027E.TXT.r_568# bsdu dang dbye ba'i MTSHAN NYID DANG / / +mkhas DE KHO NA RNAM BCU NI // / "
"556546","TD4027E.TXT.r_735"," zhes gsungs na phung po la sogs pa la bdag tu lta ba rnam pa bcu po de dag ji lta zhe na / / ","0.024#TD4032E.TXT.r#1941880#1941880#TD4032E.TXT.r_3499# de'i phyir PHUNG PO LA SOGS PA LA BDAG TU LTA BA RNAM PA BCU PO DE DAG JI LTA ZHE NA ZHES dris pa dang   de'i phyir / / "
"556554","TD4027E.TXT.r_736;TD4027E.TXT.r_737;TD4027E.TXT.r_738"," gcig dang rgyu dang za ba dang / / +byed pa dang ni dbang sgyur dang / / +bdag po'i don dang rtag pa dang / / ","0.0#TD4032E.TXT.r#1941889#1941901#TD4032E.TXT.r_3499;TD4032E.TXT.r_3500;TD4032E.TXT.r_3501;TD4032E.TXT.r_3502;TD4032E.TXT.r_3503;TD4032E.TXT.r_3504;TD4032E.TXT.r_3505# de'i phyir phung po la sogs pa la bdag tu lta ba rnam pa bcu po de dag ji lta zhe na zhes dris pa dang   de'i phyir / / +gcig DANG RGYU DANG ZA BA DANG / / +byed PA DANG NI DBANG SGYUR DANG / / "
"556563","TD4027E.TXT.r_739;TD4027E.TXT.r_740;TD4027E.TXT.r_741"," nyon mongs pa dang dag pa'i gnas // / +rnal 'byor can dang ma grol grol // / +'di dag la ni bdag tu lta // / ","1.192#TD4021E.TXT.r#2101183#2101186#TD4021E.TXT.r_238;TD4021E.TXT.r_239;TD4021E.TXT.r_240# NYON MONGS PA DANG DAG PA'I GNAS // / +rnal 'byor CAN DANG MA GROL GROL // / "
"556573","TD4027E.TXT.r_742;TD4027E.TXT.r_743"," bdag med pa la 'dzin pa rnam pa 'di bcu ni / / +phung po la sogs pa la 'jug ste / / "
"556581","TD4027E.TXT.r_744;TD4027E.TXT.r_745;TD4027E.TXT.r_746"," de'i gnyen por mkhas pa rnam pa bcu'o // / +'di lta ste / / +gcig  pur 'dzin pa dang  rgyur 'dzin pa dang  za bar 'dzin pa dang  byed par 'dzin pa dang  rang dbang du 'dzin pa dang  bdag por 'dzin pa dang  rtag par 'dzin pa dang  kun nas nyon mongs pa dang  rnam par byang bar 'dzin pa dang  rnal 'byor can du 'dzin pa dang  ma grol    ba dang grol bar 'dzin pa'o // / "
"556612","TD4027E.TXT.r_747"," mkhas pa'i de kho na rnam pa bcu po 'di dag rtsa ba'i de kho nar ji ltar 'dus she na / / "
"556621","TD4027E.TXT.r_748;TD4027E.TXT.r_749"," 'di ltar ngo bo nyid gsum du phung po la sogs pa de dag 'dus so // / +ji ltar 'dus she na / / "
"556631","TD4027E.TXT.r_750;TD4027E.TXT.r_751"," kun du rtog dang rnam rtog don // / +chos nyid don gyis de dag der // / ","0.0#TD4021E.TXT.r#2101192#2101194#TD4021E.TXT.r_240;TD4021E.TXT.r_241;TD4021E.TXT.r_242# 'di dag la ni bdag tu lta // / +kun TU RTOG DANG RNAM RTOG DON // / "
"556640","TD4027E.TXT.r_752;TD4027E.TXT.r_753;TD4027E.TXT.r_754"," zhes bya'o // / +gzugs la sogs pa rnam pa gsum ste / / +kun brtags pa'i gzugs ni gang gzugs kyi kun brtags pa'i ngo bo nyid do // / ","0.014#TD4032E.TXT.r#1942419#1942423#TD4032E.TXT.r_3575# chos nyid KYI GZUGS NI GANG GZUGS KYIS yongs su grub PA'I NGO BO NYID DO ZHES bya ba de ni rnam par brtags pa'i GZUGS DANG KUN BRTAGS PA'I GZUGS DE DAG dang bral ba'i bdag nyid stong pa nyid do // / "
"556650","TD4027E.TXT.r_755"," rnam par brtags pa'i gzugs ni gang gzugs kyi gzhan gyi dbang gi ngo bo nyid de / / ","0.010#TD4032E.TXT.r#1942366#1942367#TD4032E.TXT.r_3568# RNAM PAR BRTAGS PA'I GZUGS NI GANG GZUGS NI GANG GZUGS GZHAN GYI DBANG GI NGO BO NYID DO zhes bya ba ni rgyu dang rkyen la rag las zhes bya ba'i tha tshig go // / ","0.016#TD4032E.TXT.r#1942419#1942419#TD4032E.TXT.r_3575# chos nyid KYI GZUGS NI GANG GZUGS KYIS yongs su grub PA'I NGO BO NYID DO zhes bya ba de ni RNAM PAR BRTAGS PA'I GZUGS DANG kun BRTAGS PA'I GZUGS DE DAG dang bral ba'i bdag nyid stong pa nyid do // / ","0.017#TD4053E.TXT.r#2969841#2969841#TD4053E.TXT.r_735;TD4053E.TXT.r_736# de'i phyir de gzugs can yin gyi gzugs gzhan dang ldan pa'i phyir ni ma yin te / / +gzugs KYI NGO BO NYID CES bya ba'i bar du brjod par 'gyur ro // / "
"556658","TD4027E.TXT.r_756;TD4027E.TXT.r_757"," de la gzugs su rnam par rtog par byed do // / +chos nyid kyi gzugs ni gang gzugs kyi yongs su grub pa'i ngo bo nyid do // / ","0.020#TD4032E.TXT.r#1942333#1942333#TD4032E.TXT.r_3564;TD4032E.TXT.r_3565# rnam par brtags pa'i gzugs dang  chos nyid kyi gzugs so // / +de la kun brtags pa'i gzugs gang zhe na / / ","0.024#TD4032E.TXT.r#1942418#1942418#TD4032E.TXT.r_3575# chos NYID KYI GZUGS NI GANG GZUGS KYIS YONGS SU GRUB PA'I NGO BO NYID DO ZHES bya ba de ni rnam par brtags pa'i gzugs dang kun brtags pa'i gzugs de dag dang bral ba'i bdag nyid stong pa nyid do // / "
"556668","TD4027E.TXT.r_758"," gzugs la ji lta ba bzhin du tshor ba la sogs pa'i phung po rnams dang  khams dang  skye mched la sogs pa la yang sbyar bar bya'o // / ","0.0#TD4032E.TXT.r#1942442#1942445#TD4032E.TXT.r_3576# gzugs ji  lta ba zhes bya ba ni gzugs la gsum du phye ste ngo bo nyid gsum du bsdus PA DE BZHIN DU TSHOR BA LA SOGS PA'I PHUNG PO RNAMS DANG  KHAMS DANG SKYE MCHED LA SOGS PA LA YANG SBYAR BAR BYA'O ZHES bya ba ni tshor ba dang 'du shes dang 'du byed dang rnam PAR SHES PA'I PHUNG PO dang  khams  dang ; / ","0.024#TD4064E.TXT.r#416837#416837#TD4064E.TXT.r_33;TD4064E.TXT.r_34# bdag dang srog dang  skye ba po dang   shed las skyes pa dang  shed bu dang  de dag la sogs pa dag ni bdag tu nye bar 'dogs pa'o // / +phung po dang  khams dang  skye mched rnams dang  gzugs dang  tshor ba dang  'du shes dang  'du byed dang  rnam par shes pa dang  de dag la sogs pa dag ni chos  su nye bar 'dogs pa'o // / "
"556678","TD4027E.TXT.r_759"," de ltar na ngo bo nyid gsum du phung po la sogs pa  'dus pa'i phyir mkhas pa'i de kho na rnam pa bcu ni rtsa ba'i de kho na nyid du blta'o // / ","0.013#TD4032E.TXT.r#1942869#1942878#TD4032E.TXT.r_3630;TD4032E.TXT.r_3631;TD4032E.TXT.r_3632# de bas na rjod pa dang brjod par bya ba la mngon par zhen pa ni gzung ba dang 'dzin pa la mngon par zhen pa bzhin du don med pa nyid du mngon no // / +de LTAR NA NGO BO NYID GSUM DU PHUNG PO LA SOGS PA 'DUS PA'I PHYIR MKHAS     // / "
"556692","TD4027E.TXT.r_760"," ji ltar bdag tu lta ba rnam pa bcu'i gnyen por phung po la sogs pa la mkhas pa 'di bshad na / / "
"556701","TD4027E.TXT.r_761;TD4027E.TXT.r_762"," phung po la sogs pa'i don ma bshad pas de da brjod par bya ste / / +thog ma du ma nyid  dang ni // / ","0.023#TD4032E.TXT.r#1946680#1946683#TD4032E.TXT.r_4146;TD4032E.TXT.r_4147;TD4032E.TXT.r_4148# de ltar don 'dis PHUNG PO LA SOGS PA shes pa ni PHUNG PO LA SOGS PA la mkhas par rig par bya'o zhes bya ba ni / / +thog ma du ma  nyid dang ni // / +bsdus dang yongs su phye ba'i don // / ","0.029#TD4032E.TXT.r#1942902#1942902#TD4032E.TXT.r_3634;TD4032E.TXT.r_3635;TD4032E.TXT.r_3636# don gang la PHUNG PO LA SOGS PA la mkhas pa'i mi mthun pa'i phyogs bdag tu lta ba PHUNG PO LA SOGS PA'I DON NI ma bshad  PAS DE BRJOD PAR BYA STE / / +thog MAR DU MA NYID DANG NI // / +bsdus dang yongs su phye ba'i don // / "
"556709","TD4027E.TXT.r_763;TD4027E.TXT.r_764"," bsdus dang yongs su phye ba'i don // / +thog ma kho nar phung po de dag don rnam pa gsum du rig par bya ste / / ","0.024#TD4032E.TXT.r#1942919#1942920#TD4032E.TXT.r_3639;TD4032E.TXT.r_3640# de la thog MA KHO NAR PHUNG PO bshad de / / +de dag KYANG DON RNAM PA GSUM DU RIG PAR BYA STE / / ","0.025#TD4032E.TXT.r#1946681#1946683#TD4032E.TXT.r_4146;TD4032E.TXT.r_4147;TD4032E.TXT.r_4148# de ltar don 'dis phung po la sogs pa shes pa ni phung po la sogs pa la mkhas par rig par bya'o zhes bya ba ni / / +thog ma du ma  nyid dang ni // / +bsdus DANG YONGS SU PHYE BA'I DON // / ","0.029#TD4032E.TXT.r#1942902#1942902#TD4032E.TXT.r_3634;TD4032E.TXT.r_3635;TD4032E.TXT.r_3636# don gang la phung po la sogs pa la mkhas pa'i mi mthun pa'i phyogs bdag tu lta ba phung po la sogs pa'i don ni ma bshad  pas de BRJOD PAR BYA STE / / +thog mar du ma nyid dang ni // / +bsdus DANG YONGS SU PHYE BA'I DON // / "
"556719","TD4027E.TXT.r_765;TD4027E.TXT.r_766"," du ma'i don ni gzugs gang ci yang rung ste / / +'das pa dang ma 'ongs pa zhes rgya cher 'byung ba'o // / "
"556728","TD4027E.TXT.r_767;TD4027E.TXT.r_768"," bsdus pa'i don ni de dag thams cad gcig tu  bsdus te zhes 'byung ba'o // / +yongs su phye ba'i don ni gzugs la sogs pa'i mtshan nyid tha dad du rnam par gzhag pa'i phyir ro // / ","0.019#TD4032E.TXT.r#1942983#1942983#TD4032E.TXT.r_3649# gzugs kyi  mtshan nyid kyi phung po ni tshor ba LA SOGS PA'I MTSHAN NYID LAS THA DAD DU RNAM PAR GZHAG PA'I PHYIR RO ZHES bya ba'o // / ","0.020#TD4016.1E.TXT.r#508797#508797#TD4016.1E.TXT.r_7772;TD4016.1E.TXT.r_7773# 'di ltar sngar gong du bstan pa lta bu'i skyon rnam pa lnga'i phyir / / +don dam pa'i BDEN PA'I MTSHAN NYID THA DAD CES byar mi rung ngo zhes bya ba'i  tha tshig go // / ","0.021#TD4034.2E.TXT.r#2926976#2926976#TD4034.2E.TXT.r_8228# me lce la ni de'i tshe tsha ba'i mtshan nyid du dmigs pas na de gnyis tha dad do zhes bya ba'i don to // / ","0.027#TD4093.1E.TXT.r#859875#859875#TD4093.1E.TXT.r_15189;TD4093.1E.TXT.r_15190# 'gro ba rnams kyi rgyu ni las kyi srid pa yin te de'i phyir de 'gro ba'i rang bzhin yin yang / / +'gro ba'i rgyu shes par bya ba'i phyir tha dad du smos so // / ","0.029#TD4093.1E.TXT.r#859895#859896#TD4093.1E.TXT.r_15193# tha dad par smos kyang 'gro ba yin par 'gyur na ni 'gro ba'i rang bzhin kho na 'gro bar shes par bya ba'i phyir THA DAD DU BSTAN PAR 'gyur ro // / "
"556745","TD4027E.TXT.r_769;TD4027E.TXT.r_770"," phung po'i don ni spungs pa'i don te / / +de ltar 'jig rten na spungs pa'i don mthong ngo // / "
"556755","TD4027E.TXT.r_771;TD4027E.TXT.r_772;TD4027E.TXT.r_773"," 'dzin dang gzung dang de 'dzin pa // / +sa bon don te  gzhan du 'dod // / +gzhan gang zhe na / / ","0.024#TD4032E.TXT.r#1943100#1943102#TD4032E.TXT.r_3662;TD4032E.TXT.r_3663;TD4032E.TXT.r_3664# de bas na phung po'i don gyi 'og tu khams kyi don gsungs pa / / +'dzin DANG GZUNG DANG DE 'DZIN PA // / +sa BON DON DE GZHAN DU  'dod // / "
"556765","TD4027E.TXT.r_774;TD4027E.TXT.r_775"," khams so // / +de la 'dzin pa'i sa bon gyi don ni mig gi khams la sogs pa'o // / ","1.192#TD4032E.TXT.r#1943154#1943156#TD4032E.TXT.r_3674;TD4032E.TXT.r_3675# 'dzin pa'i khams dang  gzung ba'i khams dang  de 'dzin pa'i khams so // / +de LA 'DZIN PA'I SA BON GYI DON NI MIG GI KHAMS LA SOGS PA  ste ; / "
"556774","TD4027E.TXT.r_776;TD4027E.TXT.r_777"," gzung ba'i sa bon gyi don ni gzugs kyi khams la sogs pa'o // / +de 'dzin pa'i sa bon gyi don ni mig gi rnam par shes pa'i khams la sogs     // / ","0.019#TD4032E.TXT.r#1943154#1943154#TD4032E.TXT.r_3674;TD4032E.TXT.r_3675# 'dzin pa'i khams dang  gzung ba'i khams dang  de 'dzin pa'i khams so // / +de la 'dzin PA'I SA BON GYI DON NI MIG GI KHAMS LA SOGS PA  ste ; / "
"556787","TD4027E.TXT.r_778;TD4027E.TXT.r_779;TD4027E.TXT.r_780"," pa'o // / +tshor dang don rnams yongs gcod kyi // / +nyer spyod 'byung sgo gzhan yin no // / ","0.0#TD4032E.TXT.r#1943358#1943360#TD4032E.TXT.r_3699;TD4032E.TXT.r_3700# tshor DANG DON RNAMS YONGS GCOD KYI // / +nyer SPYOD 'BYUNG SGO GZHAN YIN NO // / ","0.020#TD4021E.TXT.r#2101217#2101224#TD4021E.TXT.r_247;TD4021E.TXT.r_248;TD4021E.TXT.r_249;TD4021E.TXT.r_250# tshor DANG DON RNAMS YONGS GCOD KYI // / +nyer SPYOD 'BYUNG SGO GZHAN YIN NO // / "
"556797","TD4027E.TXT.r_781;TD4027E.TXT.r_782;TD4027E.TXT.r_783"," gzhan gang yin zhe na / / +skye mched do // / +de la nang gi skye mched drug po dag ni tshor ba nye bar spyod pa'i skye ba'i sgo'i phyir ro // / "
"556809","TD4027E.TXT.r_784"," phyi'i drug po dag ni don yongs su spyod  pa'i nye bar spyod pa'i skye ba'i sgo'i phyir ro // / ","1.788#TD4032E.TXT.r#1943410#1943415#TD4032E.TXT.r_3706;TD4032E.TXT.r_3707# de la nang gi skye mched drug    po dag ni tshor BA'I NYE BAR SPYOD PA SKYE BA'I SGO'I PHYIR RO // / +phyi'i DRUG PO DAG NI DON YONGS SU GCOD PA'I NYE BAR SPYOD PA SKYE BA'I SGO'I PHYIR RO ZHES bya ba la sogs pa la / / "
"556818","TD4027E.TXT.r_785;TD4027E.TXT.r_786;TD4027E.TXT.r_787"," rten cing 'brel bar 'byung ba'i don ni / / +rgyu dang 'bras bu rtsol ba la // / +sgro 'dogs med cing skur 'debs med // / ","0.0#TD4032E.TXT.r#1944018#1944024#TD4032E.TXT.r_3782;TD4032E.TXT.r_3783;TD4032E.TXT.r_3784# de'i phyir RTEN CING 'BREL PAR 'BYUNG BA'I DON TE / / +rgyu DANG 'BRAS BU RTSOL BA LA // / ","0.029#TD4035E.TXT.r#157189#157190#TD4035E.TXT.r_5572;TD4035E.TXT.r_5573# sdug pa dang mi sdug pa'i las dang  de dang mthun pa'i 'bras bu longs spyod pa'i sgo dang  mthu'i sgo dang  rnam par byang ba'i sgo'o // / +rten CING 'BREL PAR 'BYUNG BA'I     // / ","0.029#TD4035E.TXT.r#159966#159966#TD4035E.TXT.r_6100;TD4035E.TXT.r_6101# sdug bsngal ba'i dngos po'i mtshan nyid tha dad par bstan pa'i  phyir dang  'phen pa dang mngon par 'grub pa'i rab tu dbye ba yongs su bstan pa'i phyir ro // / +rten CING 'BREL PAR 'BYUNG BA'I 'jig pa'i don gang zhe na / / "
"556830","TD4027E.TXT.r_788"," rgyu dang 'bras bu dang byed pa rnams la sgro 'dogs pa med pa dang  skur pa 'debs pa med pa'i don ni rten cing  'brel bar 'byung ba'i don to // / ","0.025#TD4049E.TXT.r#2294175#2294175#TD4049E.TXT.r_1252# byed pa PO MED PA'I DON NI RTEN CING 'BREL  par 'byung ba'i don dang  rgyu dang bcas pa las byung ba'i don dang  sems can med pa'i don dang  gzhan gyi dbang gi don dang  gyo BA MED PA'I DON DANG  mi rtag pa'i don dang  skad cig pa'i don dang  rgyu dang 'bras bu rgyud rgyun mi 'chad pa'i don dang  rgyu dang 'bras bur    mthun pa'i don dang  RGYU DANG 'BRAS BU SNA tshogs kyi don dang  RGYU DANG 'BRAS BU SO sor NGES PA'I DON NI RTEN CING 'BREL PAR 'BYUNG BA'I DON TO // / "
"556841","TD4027E.TXT.r_789"," de la rgyu la sgro 'dogs pa ni 'du byed la sogs pa'i mi mthun pa'i rgyu la rtog pa'i phyir ro // / "
"556849","TD4027E.TXT.r_790;TD4027E.TXT.r_791"," rgyu la skur pa 'debs pa ni rgyu med pa can du rtog pa'i phyir ro // / +'bras bu la sgro 'dogs pa ni bdag dang bcas pa'i 'du byed la sogs pa ni ma rig pa la  sogs pa'i rkyen las 'byung bar rtog pa'i phyir ro // / ","0.0#TD4032E.TXT.r#1944215#1944221#TD4032E.TXT.r_3807# de phan pa dang gnod pa byed PAS BDAG DANG BCAS PA'I 'DU BYED LA SOGS PA NI MA RIG PA LA SOGS PA'I RKYEN LAS 'BYUNG BAR RTOG PA'I  phyir 'bras BU LA SGRO 'DOGS PA ZHES bya'o // / ","0.0#TD4032E.TXT.r#1944232#1944234#TD4032E.TXT.r_3808;TD4032E.TXT.r_3807# 'bras BU LA SKUR PA 'DEBS PA NI 'DU BYED LA SOGS PA MA RIG PA LA SOGS PA'I RKYEN GYIS 'BYUNG BA med PAR RTOG PA'I PHYIR RO ZHES bya ba ni 'di lta ste / / ","5.960#TD4032E.TXT.r#1944175#1944180#TD4032E.TXT.r_3803# 'bras bu la sgro  'dogs PA NI BDAG DANG BCAS PA'I 'DU BYED LA SOGS PA MA RIG PA LA SOGS PA'I RKYEN LAS 'BYUNG BAR RTOG PA'I PHYIR RO ZHES bya ba la / / ","0.019#TD4069E.TXT.r#648096#648096#TD4069E.TXT.r_3571# ci'i PHYIR MA RIG PA LA SOGS PA 'DU BYED LA SOGS PA'I RKYEN YIN zhes bya ba lta bu'o // / ","0.020#TD4032E.TXT.r#1944151#1944154#TD4032E.TXT.r_3801;TD4032E.TXT.r_3802# mi mthun  pa'i rgyu nyid la rgyur rtog pa'i phyir rgyu LA SGRO 'DOGS PA'O // / +rgyu LA SKUR PA 'DEBS PA NI RGYU MED PA CAN DU RTOG PA'I PHYIR RO ZHES bya ba NI 'DU BYED LA SOGS PA RGYU med par skye bar khas blangs PAS 'DU BYED LA SOGS pa'i RGYU MA RIG PA LA SOGS PA gsal ba yin no // / "
"556868","TD4027E.TXT.r_792"," 'bras bu la skur pa 'debs pa ni 'du byed la sogs pa ma rig pa la sogs pa'i rkyen gyis 'byung ba med par rtog pa'i phyir ro // / ","0.022#TD4032E.TXT.r#1944177#1944179#TD4032E.TXT.r_3803# 'bras bu la sgro  'dogs pa ni bdag dang bcas PA'I 'DU BYED LA SOGS PA MA RIG PA LA SOGS PA'I RKYEN LAS 'BYUNG BAR RTOG PA'I PHYIR RO ZHES bya ba la / / ","0.022#TD4032E.TXT.r#1944215#1944219#TD4032E.TXT.r_3807# de phan pa dang gnod pa byed pas bdag dang bcas PA'I 'DU BYED LA SOGS PA NI MA RIG PA LA SOGS PA'I RKYEN LAS 'BYUNG BAR rtog pa'i  phyir 'bras bu la sgro 'dogs pa zhes bya'o // / ","0.022#TD4069E.TXT.r#648096#648096#TD4069E.TXT.r_3571# ci'i PHYIR MA RIG PA LA SOGS PA 'DU BYED LA SOGS PA'I RKYEN YIN zhes bya ba lta bu'o // / ","0.027#TD4052E.TXT.r#2857701#2857701#TD4052E.TXT.r_1987# de yang de ltar rnam par 'jog pa ni skye mched drug gi sa bon yang ma  'ongs pa'i skye mched drug skye bar bya ba'i phyir rnam par 'jog par byed pa ni ming dang gzugs kyi rkyen gyis skye mched drug ces bya'o // / "
"556879","TD4027E.TXT.r_793"," byed pa la sgro 'dogs pa ni 'du byed la sogs pa skye ba la ma rig pa la sogs pa la byed  par rtog pa'i phyir ro // / ","0.028#TD4032E.TXT.r#1944254#1944255#TD4032E.TXT.r_3811;TD4032E.TXT.r_3812# 'jig rten pha rol  yang med do zhes med pa rnams legs par spyad pa dang  nyes par spyad pa dang 'jig rten pha rol la skur pa 'debs par smra ba'o // / +BYED PA LA SGRO 'DOGS PA NI 'DU BYED LA SOGS SKYE BA LA MA RIG PA LA SOGS PA BYED PAR RTOG PA'I PHYIR RO ZHES bya ba ni GAL TE 'DU BYED LA SOGS  PA SKYE BA LA MA RIG PA LA SOGS PA dngos po'i rang bzhin don gzhan du gyur PA ZHIG BYED PAR RTOG pa de lta bu ni BYED PA LA SGRO 'DOGS PA'O // / "
"556890","TD4027E.TXT.r_794;TD4027E.TXT.r_795"," byed pa la skur pa 'debs pa ni nus pa med par rtog pa'i phyir ro // / +de med pa'i phyir sgro 'dogs pa med pa dang  skur pa 'debs pa med par rig par bya'o // / ","0.025#TD4032E.TXT.r#1944296#1944296#TD4032E.TXT.r_3815;TD4032E.TXT.r_3816# skye bar nus pa yin YANG NUS PA MED PAR RTOG PA'I PHYIR BYED PA LA SKUR PA 'DEBS PA'O // / +de MED PA'I PHYIR SGRO 'DOGS PA DANG SKUR PA 'DEBS PA MED PAR RIG PAR BYA'O ZHES bya ba ni rgyu dang 'bras bu dang byed pa rnams la sgro 'dogs PA DANG SKUR PA 'DEBS PA DE med  PA'I PHYIR SGRO 'DOGS PA MED PA DANG SKUR PA 'DEBS PA MED PAR RIG PAR BYA'O // / ","0.025#TD4061E.TXT.r#1544174#1544174#TD4061E.TXT.r_4279;TD4061E.TXT.r_4280# kun shes par byed pa ni bsam gyis mi khyab pa'i chos yang dag par ston pa'i phyir  ro ; / / +rnam par rig par byed pa ni bsam gyis mi khyab pa'i chos yang dag PAR STON PA'I PHYIR RO // / "
"556902","TD4027E.TXT.r_796;TD4027E.TXT.r_797;TD4027E.TXT.r_798"," mi 'dod 'dod dang rnam dag dang / / +mnyam du 'byung dang dbang byed dang / / +'thob dang kun  tu spyod pa dag / / ","0.0#TD4032E.TXT.r#1944384#1944391#TD4032E.TXT.r_3825;TD4032E.TXT.r_3826;TD4032E.TXT.r_3827;TD4032E.TXT.r_3828# MI 'DOD 'DOD DANG RNAM DAG DANG / / +mnyam DU 'BYUNG DANG DBANG BYED DANG / / "
"556912","TD4027E.TXT.r_799;TD4027E.TXT.r_800"," gzhan dbang nyid kyi don te gzhan // / +gnas dang gnas ma yin pa ni gzhan gyi dbang nyid rnam pa bdun gyi don gyis rig par bya ste / / ","0.0#TD4032E.TXT.r#1944400#1944404#TD4032E.TXT.r_3830# gnas DANG GNAS MA YIN PA NI GZHAN GYI DBANG NYID RNAM PA BDUN GYI DON GYIS RIG PAR BYA STE ZHES bya ba de la gnas ni rgyu yin no // / "
"556926","TD4027E.TXT.r_801"," de la mi 'dod pa gzhan gyi dbang nyid ni nyes par spyod las mi 'dod bzhin du yang ngan 'gror 'gro ba'i phyir ro // / ","0.020#TD4053E.TXT.r#2992450#2992450#TD4053E.TXT.r_3733;TD4053E.TXT.r_3734# de'i phyir rang gi mtshan nyid ngo bo nyid med pas ngo bo nyid med pa'o // / +gzhan gyi dbang ni rkyen la ltos pa'i phyir bdag nyid kyis 'byung ba med pa ste / / ","0.021#TD4032E.TXT.r#1942571#1942571#TD4032E.TXT.r_3588;TD4032E.TXT.r_3589# de la  gzugs la sogs pa'i ngo bo nyid du brtags pa'i phyir kun brtags pa'o // / +gdags pa'i gnas kyi dngos po yin pas gzhan gyi dbang ste / / ","0.022#TD4032E.TXT.r#1944529#1944532#TD4032E.TXT.r_3850;TD4032E.TXT.r_3851# las rnams stobs dang ldan la ngan 'gro'i rgyu yang yin pas nye bar spyod pa NI MI 'DOD BZHIN DU LAS kyi dbang gis der 'gro  bar 'gyur ro // / +'dod PA'I GZHAN GYI DBANG NYID NI LEGS PAR SPYAD pas BDE 'GROR 'GRO BA'I PHYIR ro zhes bya ba la / / ","0.022#TD4016.2E.TXT.r#2389797#2389798#TD4016.2E.TXT.r_9361;TD4016.2E.TXT.r_9362# gzhan gyi dbang la rten cing 'brel bar 'byung ba'i rigs pa yang yongs su bsal ba las rnam par sel ba zhes bya bas ni ma yin no // / +gzhan  yang kun nas nyon mongs pa'i phyir gzhan gyi dbang spangs pa'i phyir rnam par sel ba zhes bya ste / / ","0.022#TD4051E.TXT.r#1233832#1233833#TD4051E.TXT.r_222;TD4051E.TXT.r_223;TD4051E.TXT.r_221# yod pa la skur pa 'debs pa'i phyir ro // / +gzhan gyi dbang la sgro 'dogs par    mi byed de yod pa'i phyir ro // / ","0.023#TD4016.1E.TXT.r#535260#535260#TD4016.1E.TXT.r_11180# skyes nas kyang skad cig las lhag par bdag nyid gnas par mi nus pa'i phyir gzhan gyi dbang zhes 'byung ste / / ","0.024#TD4016.2E.TXT.r#2312123#2312123#TD4016.2E.TXT.r_148# 'di ltar shes pa gsum gyis gzhan gyi dbang bkag pa'i phyir ni mthong ba'i chos la sbyor ba'i shes pa dang ldan par 'gyur la / / ","0.026#TD4064E.TXT.r#424200#424200#TD4064E.TXT.r_1136# gzhan gyi dbang bzhin du kun nas nyon mongs pa'i bdag  nyid kyi phyir ro // / ","0.026#TD4013E.TXT.r#621329#621329#TD4013E.TXT.r_1434# 'di skad du ji ltar 'jig rten thams cad kyi mthar thug pa med pa de bzhin du snying rje chen po'i gzhan gyi dbang can 'gro ba'i don 'grub pa'i phyir ci la yang ma rag  par chas pa bdag gi yang mtha' thug par ma gyur cig ces bshad pa yin no // / ","0.026#TD4016.2E.TXT.r#2372906#2372906#TD4016.2E.TXT.r_7394;TD4016.2E.TXT.r_7395# 'on kyang kun du brtags pa'i ngo bo nyid mi dmigs  pa'i tshe gzhan gyi dbang gi rang gi mtshan nyid la so sor rtog par mi byed de / / +so sor mi rtog pa'i phyir gzhan gyi dbang mi snang ngo zhes bstan to // / ","0.028#TD4016.1E.TXT.r#541258#541258#TD4016.1E.TXT.r_11949# kun nas nyon mongs pa'i mtshan nyid kyi chos thams cad yang dag pa ji lta ba bzhin du rab tu shes so zhes bya ba ni gnyis pa gzhan  gyi dbang shes pa'i phyir kun nas nyon mongs pa'i mtshan nyid kyang shes par bstan pa ste / / ","0.028#TD4027E.TXT.r#556994#556994#TD4027E.TXT.r_808;TD4027E.TXT.r_809# 'thob PA GZHAN GYI DBANG NYID NI BUD med  kyis rang byang chub dang  bla na med pa'i byang chub mngon par rdzogs par byang chub par mi 'gyur ba'i phyir ro // / +kun tu spyod PA GZHAN GYI DBANG NYID NI / / ","0.028#TD4019E.TXT.r#2455057#2455057#TD4019E.TXT.r_6310# skad cig gcig pa nyid kyang sngar bstan pa ltar med pa dang  yang gzhan  gyi dbang gi dngos por ni gzhan du 'gyur bar snang ba'i phyir chos thams cad rang bzhin med zhes pa ste / / ","0.029#TD4085E.TXT.r#1511634#1511634#TD4085E.TXT.r_75;TD4085E.TXT.r_76# gnyis med kyang bag chags kyi dbang gis gnyis su snang bar skye ba'o // / +de ni rgyu rkyen la rag las pa'i phyir gzhan gyi dbang gi ngo bo nyid do // / ","0.029#TD4051E.TXT.r#1246232#1246232#TD4051E.TXT.r_1926# gcig la du ma'i ngo bo nyid med pas 'gal ba'i phyir gzhan gyi dbang dang kun brtags pa gnyis gcig tu mi rung    ngo ; / / "
"556936","TD4027E.TXT.r_802;TD4027E.TXT.r_803"," 'dod pa gzhan  gyi dbang nyid ni legs par spyod pas bde 'gror 'gro ba'i phyir ro // / +rnam par dag pa gzhan gyi dbang nyid ni sgrib pa lnga ma spangs la byang chub kyi yan lag bdun gyi bar du ma bsgoms na sdug bsngal gyi mthar mi byed pa'i phyir ro // / ","0.022#TD4032E.TXT.r#1944529#1944532#TD4032E.TXT.r_3850;TD4032E.TXT.r_3851# las rnams stobs dang ldan la ngan 'gro'i rgyu yang yin pas nye bar spyod pa ni mi 'dod bzhin du las kyi dbang gis der 'gro  bar 'gyur ro // / +'dod PA'I GZHAN GYI DBANG NYID NI LEGS PAR SPYAD PAS BDE 'GROR 'GRO BA'I PHYIR ro zhes bya ba la / / ","0.022#TD4016.1E.TXT.r#535260#535260#TD4016.1E.TXT.r_11180# skyes nas kyang skad cig las lhag par bdag nyid gnas par mi nus pa'i phyir gzhan gyi dbang zhes 'byung ste / / ","0.022#TD4032E.TXT.r#1942571#1942571#TD4032E.TXT.r_3588;TD4032E.TXT.r_3589# de la  gzugs la sogs pa'i ngo bo nyid du brtags pa'i phyir kun brtags pa'o // / +gdags pa'i gnas kyi dngos po YIN PAS GZHAN GYI DBANG ste / / ","0.022#TD4016.2E.TXT.r#2372906#2372906#TD4016.2E.TXT.r_7394;TD4016.2E.TXT.r_7395# 'on kyang kun du brtags pa'i ngo bo nyid mi dmigs  pa'i tshe gzhan gyi dbang gi rang gi mtshan nyid la so sor rtog par mi byed de / / +so sor mi rtog pa'i phyir gzhan gyi dbang mi snang ngo zhes bstan to // / ","0.023#TD4016.2E.TXT.r#2312123#2312123#TD4016.2E.TXT.r_148# 'di ltar shes pa gsum gyis gzhan gyi dbang bkag pa'i phyir ni mthong ba'i chos la sbyor ba'i shes pa dang ldan par 'gyur la / / ","0.024#TD4016.1E.TXT.r#541258#541258#TD4016.1E.TXT.r_11949# kun nas nyon mongs pa'i mtshan nyid kyi chos thams cad yang dag pa ji lta ba bzhin du rab tu shes so zhes bya ba ni gnyis pa gzhan  gyi dbang shes pa'i phyir kun nas nyon mongs pa'i mtshan nyid kyang shes par bstan pa ste / / ","0.025#TD4013E.TXT.r#621329#621329#TD4013E.TXT.r_1434# 'di skad du ji ltar 'jig rten thams cad kyi mthar thug pa med pa de bzhin du snying rje chen po'i gzhan gyi dbang can 'gro ba'i don 'grub pa'i phyir ci la yang ma rag  par chas pa bdag gi yang mtha' thug par ma gyur cig ces bshad pa yin no // / ","0.025#TD4032E.TXT.r#1944703#1944703#TD4032E.TXT.r_3878;TD4032E.TXT.r_3879# sgrib pa lnga spangs pa la rag lus pa'i phyir rnam PAR DAG PA GZHAN GYI DBANG NYID DO // / +mnyam du 'byung BA'I GZHAN GYI DBANG NYID NI DE bzhin gshegs pa dang 'khor los sgyur ba gnyis gnyis snga phyi med par zhes bya ba ni lhan cig ces pa'i tha tshig go // / ","0.025#TD4019E.TXT.r#2455057#2455057#TD4019E.TXT.r_6310# skad cig gcig pa nyid kyang sngar bstan pa ltar med pa dang  yang gzhan  gyi dbang gi dngos por ni gzhan du 'gyur bar snang ba'i phyir chos thams cad rang bzhin med zhes pa ste / / ","0.026#TD4053E.TXT.r#2992450#2992450#TD4053E.TXT.r_3733;TD4053E.TXT.r_3734# de'i phyir rang gi mtshan nyid ngo bo nyid med pas ngo bo nyid med pa'o // / +gzhan gyi dbang ni rkyen la ltos pa'i phyir bdag nyid kyis 'byung ba med pa ste / / ","0.026#TD4093.2E.TXT.r#1988615#1988615#TD4093.2E.TXT.r_1443;TD4093.2E.TXT.r_1444# rnam par rig byed ni dmigs pa med pa'i phyir blun pa dang  sems la rag LAS PA'I PHYIR RO // / +gzhan gyi dbang yin na sems ni  bzlog pa'i phyir de ltar blun pa dang gzhan gyi dbang ma yin la lung du ma bstan pa'i sems nyam chung bas bslang ba de ni ches nyam chung bar 'gyur ro // / ","0.027#TD4019E.TXT.r#2438694#2438694#TD4019E.TXT.r_4159# de'i phyir las dang 'bras bu'i 'brel pa kun nas nyon mongs pa dang rnam par byang bas bsdus pa la ni skur pa nyid du mi 'gyur  ro zhes gzhan gyi dbang don dam pa'i dngos por 'dod pa ni / / ","0.028#TD4027E.TXT.r#556994#556994#TD4027E.TXT.r_808;TD4027E.TXT.r_809# 'thob PA GZHAN GYI DBANG NYID NI BUD med  kyis rang byang chub dang  bla na med pa'i byang chub mngon par rdzogs par byang chub par mi 'gyur BA'I PHYIR RO // / +kun tu spyod PA GZHAN GYI DBANG NYID NI / / ","0.029#TD4085E.TXT.r#1511634#1511634#TD4085E.TXT.r_75;TD4085E.TXT.r_76# gnyis med kyang bag chags kyi dbang gis gnyis su snang bar skye ba'o // / +de ni rgyu rkyen la rag las pa'i phyir gzhan gyi dbang gi ngo bo nyid do // / "
"556960","TD4027E.TXT.r_804;TD4027E.TXT.r_805"," mnyam du 'byung ba gzhan gyi dbang nyid ni / / +de bzhin    gshegs pa dang  'khor los sgyur ba gnyis gnyis snga phyi med par 'jig rten gyi khams gcig tu mi 'byung ba'i phyir ro // / ","0.011#TD4032E.TXT.r#1944709#1944712#TD4032E.TXT.r_3879# MNYAM DU 'BYUNG BA'I GZHAN GYI DBANG NYID NI DE BZHIN GSHEGS PA DANG 'KHOR LOS SGYUR BA GNYIS GNYIS SNGA PHYI MED PAR ZHES bya ba ni lhan cig ces pa'i tha tshig go // / "
"556976","TD4027E.TXT.r_806;TD4027E.TXT.r_807"," dbang du byed pa gzhan gyi dbang nyid ni / / +bud med 'khor los sgyur ba la sogs pa mi byed pa'i phyir ro // / ","0.017#TD4032E.TXT.r#1944824#1944826#TD4032E.TXT.r_3888;TD4032E.TXT.r_3889# 'di la sangs rgyas DANG 'KHOR LOS SGYUR BA 'byung ba ni mnyam par 'gyur ba ma yin pa'i las la rag lus pas lhan cig tu skye bar 'gyur BA GZHAN GYI DBANG NYID DO // / +dbang BYED PA'I GZHAN GYI DBANG NYID NI BUD MED 'KHOR LOS SGYUR BA LA SOGS PA MI BYED  pa'i phyir zhes bya ba NI 'KHOR LOS SGYUR BAR 'gyur ba'i las kyi rnam par smin pa ni skyes pa'i lus kyis smin par nus te / / "
"556985","TD4027E.TXT.r_808"," 'thob pa gzhan gyi dbang nyid ni bud med  kyis rang byang chub dang  bla na med pa'i byang chub mngon par rdzogs par byang chub par mi 'gyur ba'i phyir ro // / ","0.022#TD4016.2E.TXT.r#2338757#2338757#TD4016.2E.TXT.r_3243# yongs su btsal bar bya ba'i byang chub la sems bskyed par zhes gsungs pa ni yongs su tshol ba'i  sems bskyed par nus pa'i phyir / / ","0.029#TD4037E.TXT.r#1371831#1371831#TD4037E.TXT.r_7404# bdag NYID BYANG CHUB MNGON PAR RDZOGS PAR SANGS rgyas pa dang  BYANG CHUB MNGON PAR RDZOGS PAR SANGS rgyas pa na yang sprin chen po lta bu'i dam pa'i chos kyi char dpe med pas sems can dpag tu med pa dag gi nyon mongs pa'i rdul rnams rab tu zhi bar byed do // / "
"556998","TD4027E.TXT.r_809;TD4027E.TXT.r_810"," kun tu spyod pa gzhan gyi dbang nyid ni / / +lta ba phun sum tshogs pa bsod pa la sogs pa kun tu mi spyod pas so // / ","0.028#TD4027E.TXT.r#556928#556934#TD4027E.TXT.r_801;TD4027E.TXT.r_802# de la mi 'dod PA GZHAN GYI DBANG NYID NI NYES par spyod las mi 'dod bzhin du yang ngan 'gror 'gro ba'i phyir ro // / ","0.028#TD4016.2E.TXT.r#2312123#2312123#TD4016.2E.TXT.r_148# 'di ltar shes pa gsum gyis gzhan gyi dbang bkag pa'i phyir ni mthong ba'i chos la sbyor ba'i shes pa dang ldan par 'gyur la / / "
"557007","TD4027E.TXT.r_811;TD4027E.TXT.r_812"," so so'i skye bo ni kun tu spyod pa'i phyir te / / +rgya cher  ni khams mang po can gyi mdo las 'byung ba bzhin du khong du chud par bya'o // / ","0.012#TD4041E.TXT.r#1277203#1277203#TD4041E.TXT.r_1269# sred PA CAN GYI MDO LAS 'BYUNG BA BZHIN rtogs par bya'o // / "
"557021","TD4027E.TXT.r_813;TD4027E.TXT.r_814"," dbang po ni rnam pa nyi shu rtsa gnyis te / / +'dzin dang gnas dang rgyun mi 'chad // / ","0.0#TD4032E.TXT.r#1945034#1945036#TD4032E.TXT.r_3914;TD4032E.TXT.r_3915;TD4032E.TXT.r_3916# de'i phyir / / +'dzin DANG GNAS DANG RGYUN MI 'CHAD // / +spyod dang dag pa gnyis kyi phyir // / ","0.026#TD4032E.TXT.r#1945007#1945007#TD4032E.TXT.r_3910# gnas dang gnas ma yin pa'i don bstan pa'i 'og tu dbang po rnams kyi don brjod dgos pas de'i phyir DBANG PO NI RNAM PA NYI SHU RTSA GNYIS TE ZHES bya ba smos te / / ","0.028#TD4021E.TXT.r#2101244#2101244#TD4021E.TXT.r_254;TD4021E.TXT.r_255;TD4021E.TXT.r_256# gzhan dbang nyid kyi don te gzhan // / +'dzin DANG GNAS DANG RGYUN MI 'CHAD // / +spyod dang dag pa gnyis kyi phyir // / "
"557031","TD4027E.TXT.r_815;TD4027E.TXT.r_816"," spyod dang dag pa gnyis kyi phyir // / +'dzin pa'i phyir nas rnam par dag pa gnyis kyi bar du ste / / ","0.025#TD4021E.TXT.r#2101244#2101244#TD4021E.TXT.r_254;TD4021E.TXT.r_255;TD4021E.TXT.r_256# gzhan dbang nyid kyi don te gzhan // / +'dzin dang gnas dang rgyun mi 'chad // / +spyod DANG DAG PA GNYIS KYI PHYIR // / "
"557041","TD4027E.TXT.r_817;TD4027E.TXT.r_818"," de dag la de dbang  byed pa'i phyir ro // / +gzugs la sogs pa yul 'dzin pa la ni mig la sogs pa drug po dag dbang byed do // / "
"557054","TD4027E.TXT.r_819;TD4027E.TXT.r_820"," gnas par bya ba la ni srog gi dbang po dbang byed de / / +de'i dbang gis mi 'chi ba'i phyir ro // / "
"557062","TD4027E.TXT.r_821"," rigs 'tsho ba la ni pho dang mo'i dbang po gnyis dbang byed de / / ","0.016#TD4032E.TXT.r#1945229#1945231#TD4032E.TXT.r_3941;TD4032E.TXT.r_3942# 'gog pa dang  'du shes med pa'i snyoms par 'jug pa'i gnas dang 'du shes med pa dag la reg pa la sogs pa med kyang sems can rnams gnas par srid pa'i phyir ro // / +rigs 'tshob PA LA PHO DANG MO'I DBANG PO GNYIS DBANG BYED DE ZHES bya ba la / / "
"557070","TD4027E.TXT.r_822;TD4027E.TXT.r_823;TD4027E.TXT.r_824"," bu 'byung bar dbang byed pa'i phyir ro // / +nye bar spyod pa la ni tshor ba'i dbang po rnams te / / +dge ba dang mi dge ba'i las kyi 'bras bu la nye bar spyod pa'i phyir ro // / "
"557080","TD4027E.TXT.r_825;TD4027E.TXT.r_826"," 'jig rten pa'i rnam par dag pa ni dad pa la sogs pa'o // / +'jig rten las 'das pa'i rnam par dag pa  ni kun shes par byed pa'i dbang po la sogs pa'o // / "
"557089","TD4027E.TXT.r_827;TD4027E.TXT.r_828;TD4027E.TXT.r_829"," 'bras bu rgyu rnams spyad zin dang / / +de bzhin ma spyad gzhan yin no // / +gzhan gang zhe na / / ","0.023#TD4021E.TXT.r#2101252#2101252#TD4021E.TXT.r_256;TD4021E.TXT.r_257;TD4021E.TXT.r_258# spyod dang dag pa gnyis kyi phyir // / +'bras BU RGYU RNAMS SPYAD ZIN DANG / / +de BZHIN MA SPYAD GZHAN YIN NO // / ","0.023#TD4032E.TXT.r#1945594#1945596#TD4032E.TXT.r_3989;TD4032E.TXT.r_3991;TD4032E.TXT.r_3990;TD4032E.TXT.r_3992# dbang po'i don gyi 'og tu dus gsum gyi don brjod dgos pas / / +'bras BU RGYU RNAMS SPYAD ZIN DANG / / "
"557099","TD4027E.TXT.r_830;TD4027E.TXT.r_831;TD4027E.TXT.r_832"," dus gsum mo // / +ci rigs su sbyar te / / +'bras bu dang rgyu spyad zin pa'i phyir 'das pa'i dus so // / "
"557107","TD4027E.TXT.r_833;TD4027E.TXT.r_834"," 'bras bu dang rgyu  ma spyad pa'i phyir ma 'ongs pa'i dus so // / +rgyu spyad pa la 'bras bu ma spyad pa'i phyir da ltar 'byung ba'i dus su rig par bya'o // / "
"557122","TD4027E.TXT.r_835;TD4027E.TXT.r_836;TD4027E.TXT.r_837"," tshor ba rgyu dang bcas pa'i don // / +de yi rgyu ni sgrub pa yin // / +de bzhi ba dang gnyen po'i don // / ","0.015#TD4021E.TXT.r#2101260#2101266#TD4021E.TXT.r_259;TD4021E.TXT.r_260;TD4021E.TXT.r_261;TD4021E.TXT.r_262# TSHOR BA RGYU DANG BCAS PA'I DON // / +de YI RGYU NI SGRUB PA YIN // / +de ZHI BA DANG GNYEN PO'I DON // / "
"557130","TD4027E.TXT.r_838;TD4027E.TXT.r_839;TD4027E.TXT.r_840"," ldan pa'i phyir na gzhan du 'dod // / +bden pa bzhi po de     // / +la sdug bsngal gyi bden pa ni tshor ba rgyu dang bcas pa'i don te / / ","0.019#TD4021E.TXT.r#2101264#2101264#TD4021E.TXT.r_260;TD4021E.TXT.r_261;TD4021E.TXT.r_262# de yi rgyu ni sgrub pa yin // / +de zhi ba dang gnyen po'i don // / +ldan PA'I PHYIR NA GZHAN DU 'DOD // / "
"557142","TD4027E.TXT.r_841;TD4027E.TXT.r_842"," gang ci tshor yang rung de ni 'dir sdug bsngal lo zhes bya ba'i phyir ro // / +tshor ba'i rgyu ni tshor ba'i gnas kyi chos rnams su rig par bya'o // / ","0.0#TD4092.2E.TXT.r#2588387#2588389#TD4092.2E.TXT.r_6536# GANG CI TSHOR YANG RUNG DE NI 'DIR SDUG BSNGAL LO ZHES BYA BA 'di ni ngas dgongs nas bshad  pa yin no zhes gsungs pa'i phyir GANG CI TSHOR YANG RUNG DE NI 'DIR SDUG BSNGAL LO ZHES BYA BA'I TSHIG 'di ni bcom ldan 'das kyis dgongs pa can du ston par mdzad pa yin te / / ","0.016#TD4092.2E.TXT.r#2588283#2588284#TD4092.2E.TXT.r_6529# des kyang 'di skad du zhus par 'gyur la zhes bya ba ni gnas brtan kun dga' bos GANG CI TSHOR YANG RUNG DE NI 'DIR SDUG BSNGAL LO ZHES BYA BA'I TSHIG 'di rigs pa ma yin pa'i ngo bor mthong na ni  de kho na zhus par 'gyur te / / ","0.020#TD4093.2E.TXT.r#2036831#2036833#TD4093.2E.TXT.r_8515;TD4093.2E.TXT.r_8516# tshor ba dran pa  nye bar gzhag pa ni bde bar phyin ci log pa'i gnyen por te / / +gang CI TSHOR YANG RUNG DE NI 'DIR SDUG BSNGAL LO ZHES 'BYUNG bas so // / ","0.020#TD4035E.TXT.r#176697#176698#TD4035E.TXT.r_9128;TD4035E.TXT.r_9129# phyi ma la dbang po yongs su smin par byas pa'i phyir // / +rgyu las byung ba'i chos rnams kyi yang dag pa'i rgyu so sor rtog pa dang  de bzhin gshegs  pas gsungs pa'i mdo sde zab mo zab par snang ba stong pa nyid dang ldan zhing / / ","0.023#TD4032E.TXT.r#1945805#1945806#TD4032E.TXT.r_4023;TD4032E.TXT.r_4024# de'i phyir GANG CI TSHOR YANG RUNG STE / / +de NI 'DIR SDUG BSNGAL LO ZHES BYA BA'I PHYIR RO ZHES bya ba smos so // / ","0.023#TD4092.2E.TXT.r#2588300#2588300#TD4092.2E.TXT.r_6530# GANG CI TSHOR YANG RUNG DE NI 'DIR SDUG BSNGAL LO ZHES BYA BA 'gal ba'i phyir ro // / ","0.026#TD4093.1E.TXT.r#840197#840197#TD4093.1E.TXT.r_12155;TD4093.1E.TXT.r_12156# skal pa mnyam pa'i 'bras bu nye ba dang ring ba  bskyed pa dang gsos 'debs par byed pa'i phyir skal ba mnyam pa'i rgyu yin la / / +'dra ba'i chos de dag kyang phan tshun chos 'dra ba rnams kyi yin te / / ","0.029#TD4097E.TXT.r#2224893#2224893#TD4097E.TXT.r_3003;TD4097E.TXT.r_3004# de'i rgyu ni rang gi nus pa 'thob pa'i rgyu ste / / +ma 'ongs pa'i chos da ltar byung ba'i gnas su 'byin pa'i rgyu zhes bya ba'i tha tshig go // / ","0.029#TD4092.2E.TXT.r#2642527#2642527#TD4092.2E.TXT.r_13292# 'ga' zhig gzugs med pa'i snyoms par 'jug pa la mnyam par bzhag nas de las yongs su nyams te rjes kho na la gzugs kyi    khams su skye na gzugs med pa'i snyoms par 'jug pa'i mtshan nyid kyi skal ba mnyam pa'i rgyu stobs dang ldan pa'i phyir de la gzugs kyi khams su gzugs med pa'i snyoms par 'jug pa skye'o // / ","0.029#TD4047E.TXT.r#1139934#1139934#TD4047E.TXT.r_2697# de la glo bur ba'i nye ba'i nyon mongs pas nyon mongs pa can mngon par brjod pa'i gnas dang   gzhir gyur pa'i phyir rgyu mtshan zhes brjod do // / "
"557155","TD4027E.TXT.r_843;TD4027E.TXT.r_844;TD4027E.TXT.r_845;TD4027E.TXT.r_846"," de yi rgyu ni sgrub pa yin // / +kun 'byung ba yi  bden pa ste // / +sdug bsngal gyi rgyu ni sgrub pa gang yin pa'o // / +de gnyis zhi ba'i phyir 'gog pa'i bden pa'o // / ","0.0#TD4047E.TXT.r#1158553#1158555#TD4047E.TXT.r_5512# rgyu dang 'bras bu zhes smos pa ni sgrub pa'i snying por byed pa nyid rab tu bstan pa'i phyir dang  byang chub sems dpa'i bslab pa'i  lam gyi dbang du byas pa'i phyir ro // / ","0.013#TD4093.2E.TXT.r#2001935#2001935#TD4093.2E.TXT.r_3448# brnab sems dang ldan pa zhes bya ba ni ma byin par len pa dang 'dod pas log par gyem pa gnyis chags pas mthar phyin par byed pa'i phyir gnyis dang sems pa lhan cig 'byung ste / / ","0.015#TD4090.2E.TXT.r#1068319#1068324#TD4090.2E.TXT.r_2577;TD4090.2E.TXT.r_2578;TD4090.2E.TXT.r_2579# 'dus byas kyi mtshan nyid gsum dang 'bral ba'i phyir zhi ba'o // / +dge ba'i phyir gya nom pa'o // / ","0.015#TD4091E.TXT.r#748073#748075#TD4091E.TXT.r_9622;TD4091E.TXT.r_9623;TD4091E.TXT.r_9624# phung po 'jig pa'i phyir 'gog pa'o // / +me gsum zhi bar byed pa'i phyir zhi ba'o // / ","0.015#TD4009E.TXT.r#340989#340989#TD4009E.TXT.r_2757;TD4009E.TXT.r_2758# sems yongs su dag par bya ba'i phyir ma yin / / +dul bar bya ba'i phyir ma yin / / ","0.015#TD4009E.TXT.r#341150#341153#TD4009E.TXT.r_2779;TD4009E.TXT.r_2780;TD4009E.TXT.r_2781# 'dod chags dang bral bar bya ba'i phyir ma yin / / +'gag par bya ba'i phyir ma yin / / ","0.015#TD4016.3E.TXT.r#235249#235249#TD4016.3E.TXT.r_2723# sems can rnams kyi don tshegs chung dus sgrub pa'i phyir dang  sems can rnams kyis gces par bya ba bskyed pa'i phyir dang  bzo dang las kyi gnas shes par bya ba'i sbyin pa'i phan 'dogs pas bsdus pa'i  phyir ro // / ","0.015#TD4029E.TXT.r#2134732#2134734#TD4029E.TXT.r_1864;TD4029E.TXT.r_1865# chos dang chos can dag tha mi dad pa'i phyir ro // / +de nyid kyi phyir mjug thogs su bsgoms pa las byung ba'i shes pas de rnyed par rig par bya'o zhes bshad do gnyis mi dmigs pas rnyed pa  las ji skad bshad pa ltar gnyis mi dmigs pa'i phyir ro zhes bya ba ni sngar phyir nang gi dmigs pa gnyis po thams cad kyi de bzhin nyid rnyed pa ni gzung ba dang 'dzin pa de gnyis nyid mi dmigs pa las rig pa bya'o zhes gnyi ga'i dmigs pa rnyed pa lta bu bshad pa yin te / / ","0.015#TD4038.2E.TXT.r#3096154#3096155#TD4038.2E.TXT.r_610# ji ltar ming rnam par gzhag pa bzhin du rgyu mtshan la de'i blo 'byung bar 'gyur ba dang  rgyu mtshan gcig la yang nye bar 'dogs pa mang ba'i phyir dang  sna tshogs pa'i phyir bdag nyid mang po 'thob par 'gyur bas /// / ","0.015#TD4046E.TXT.r#2201119#2201119#TD4046E.TXT.r_710;TD4046E.TXT.r_711# de la nyes pa dang bcas pa ni kha na ma tho ba skye ba'i phyir ro // / +'gal ba dang bcas pa  ni byang chub sems dpa'i chos nyid dang 'gal ba'i phyir ro // / ","0.015#TD4047E.TXT.r#1155762#1155762#TD4047E.TXT.r_5095;TD4047E.TXT.r_5096# rtag tu byed pa dang  gus par byed pa'i    sbyor ba las skyes pa'i phyir gsal ba'o // / +yang bsam pa'i yon tan dang ldan pa'i phyir brling ba'o // / ","0.015#TD4047E.TXT.r#1162313#1162313#TD4047E.TXT.r_6047;TD4047E.TXT.r_6048;TD4047E.TXT.r_6049# gang gi tshe mngon par mtho ba las brtsams nas chos ston par byed pa'i tshe sbyin pa dang  tshul  khrims dang  mtho ris kyi gtam byed pa'o zhes bya ba'o // / +rnam par ma 'khrugs pa'i phyir ma 'dres pa'o // / +rnam par ma 'khrugs pa nyid bstan pa'i phyir 'jug sla zhing zhes bya ba la sogs pa'o // / ","0.015#TD4052E.TXT.r#2847926#2847926#TD4052E.TXT.r_771;TD4052E.TXT.r_772# rnam pa gcig tu na thos  pa las byung ba dang bsams pa las byung ba dang  skyes nas thob pa'i shes pa dag gis mngon sum du ma byas pa'i phyir zab pa'o // / +'jig rten pa'i bsgoms pa las byung ba'i mngon sum ma yin pa'i phyir phra ba'o // / ","0.015#TD4061E.TXT.r#1530640#1530640#TD4061E.TXT.r_2466# gzhan yang rtag tu bsgom pa'i phyir dang  kun nas nyon mongs pa can ma yin par bsgom pa'i phyir dang  bar chad med par bsgom pa'i phyir dang  chog mi shes par bsgom pa'i phyir ro // / ","0.015#TD4069E.TXT.r#632114#632114#TD4069E.TXT.r_1331# lhag mthong la zhugs pa'i ni rnam par ma zhig pa dang  ma nges pa'i skyon yod pa'i phyir ni rnam par ma zhi ba'i skyon yod pa'i phyir dang  ma nges pa'i skyon yod pa'i phyir ro // / ","0.015#TD4090.2E.TXT.r#1078526#1078526#TD4090.2E.TXT.r_4380# bsam gtan gnyis pa'i sa pa'i kha dog gi 'dod chags med pa'i phyir dang  bde ba'i snying pos skyed pa'i phyir ro // / ","0.015#TD4034.1E.TXT.r#970574#970574#TD4034.1E.TXT.r_10292;TD4034.1E.TXT.r_10293# chos kyi sbyin pa chen po ston pa rnam pa bzhi 'byung ba dang don gcig tu sbyar ba'i phyir / / +de la dang pos ni mang du thos pa'i phyir gsal bar ston par 'gyur ro zhes bya ba la / / ","0.015#TD4046E.TXT.r#2205597#2205598#TD4046E.TXT.r_1303;TD4046E.TXT.r_1304# de bzhin du gnyi gar phan 'dogs par byed pa'i phyir // / +de gnyis la yang dag par zhugs pa'i sems can sdud pas     // / ","0.015#TD4047E.TXT.r#1179352#1179353#TD4047E.TXT.r_8379# de bzhin du gnyi gar  phan 'dogs par byed pa'i phyir de gnyis la yang dag par zhugs pa'i sems can sdud pas na sdud pa'i tshul khrims so // / ","0.016#TD4018E.TXT.r#3077703#3077703#TD4018E.TXT.r_9611# gnyis kyi rnam pa'i shes pas mgo 'khor ba dang  brgyal ba la sogs pa'i shes pa bzhin du rnam par slu ba'i phyir des na mnyam par mi  'jog pas dkrugs pa'i gnyis kyi rnam pa'i chud pa gnyis su med pa'i de kho na nyid me shes so // / ","0.017#TD4093.2E.TXT.r#2055796#2055797#TD4093.2E.TXT.r_11199;TD4093.2E.TXT.r_11200# de na de dag med pa'i phyir ro // / +de gnyis na zag pa med pa'i lam med pa'i phyir zhes bya ba la / / ","0.017#TD4090.2E.TXT.r#1082595#1082595#TD4090.2E.TXT.r_5019;TD4090.2E.TXT.r_5020;TD4090.2E.TXT.r_5021# da ni ji ltar na sems gzhan gyis mthong la gzhan gyis dran de ltar na ni lha sbyin gyis sems kyis mthong la mchod sbyin gyis sems kyis dran par 'gyur ro // / +ma yin te 'brel pa med pa'i  phyir ro // / +de gnyis ni rgyu dang 'bras bur ma gyur pa'i phyir ji ltar na rgyud gcig la yod pa'i rgyu dang 'bras bur 'brel ba ni med do // / ","0.017#TD4093.2E.TXT.r#2050288#2050288#TD4093.2E.TXT.r_10451;TD4093.2E.TXT.r_10452# dbang po rno ba'i phyir na mi gyo ba ste / / +'di gyo bar mi nus pa'i  phyir mi gyo ba'i chos can no // / ","0.017#TD4092.2E.TXT.r#2603089#2603091#TD4092.2E.TXT.r_8395;TD4092.2E.TXT.r_8396# dbang po rnon po rnams ni gnas gtsang mar skye bar bya ba'i phyir dang  mthong ba'i chos la bde bar gnas par bya ba kho na'i phyir spel bar byed kyi de dag la yang yongs su nyams pa mi srid pa'i phyir nyon  mongs pas 'jigs pa'i phyir ni ma yin no // / +yang ji ltar na nyon mongs pas 'jigs pas yongs su mi nyams par bya ba'i phyir spel bar byed ce na / / ","0.018#TD4069E.TXT.r#664728#664728#TD4069E.TXT.r_5903;TD4069E.TXT.r_5904# 'o na de lta na ni gzugs mang po las gcig gzugs kyi skye mched du bstan pa ni 'brel par rab tu bstan pa'i phyir ro // / +ji ltar byas pas 'brel par rab tu bstan pa'i phyir  yin zhe na / / ","0.018#TD4093.1E.TXT.r#862232#862232#TD4093.1E.TXT.r_15521# srid pa bar ma zhes  bya ba 'di ci zhe na zhes bya ba la 'di log par rtogs pa'i phyir dang  mtshan nyid ma bstan pa'i phyir the tshom za bas dris pa'o // / ","0.020#TD4016.3E.TXT.r#224713#224717#TD4016.3E.TXT.r_1405# bdag la phan 'dogs pa'i gzhi rnam pa gsum bsdu ba'i phyir dang  bdag dang gzhan la phan 'dogs pa'i rnam pa drug bsdu ba'i phyir dang  bdag dang  gzhan la phan 'dogs pa gzhi rnam pa drug bsdu ba'i phyir dang  theg pa chen po'i rgyu rnam pa bzhi bsdu ba'i phyir dang  theg pa chen po'i lam drug bsdu ba'i phyir dang  theg pa chen po'i bslab pa gsum bsdu ba'i phyir te / / ","0.021#TD4046E.TXT.r#2199412#2199415#TD4046E.TXT.r_477# thun mong ba dang thun mong ma yin pas 'dun par byas nas sgrub pa la dgod pa'i phyir yang dag par dga' bar byas nas zhes bya ba la sogs pas bstan te / / ","0.024#TD4093.2E.TXT.r#2055809#2055810#TD4093.2E.TXT.r_11201# 'dod  pa'i khams dang srid pa'i rtsa mo dag na ni go rims bzhin du mnyam par ma bzhag pa'i phyir dang  mi gsal ba'i phyir zag pa med pa'i lam med do // / ","0.024#TD4047E.TXT.r#1166529#1166529#TD4047E.TXT.r_6661# rgyab kyis phyogs pa'i sbyin pa dgag par bya par bya ba'i phyir // / ","0.024#TD4069E.TXT.r#629425#629428#TD4069E.TXT.r_941;TD4069E.TXT.r_942# 'jig tshogs kun 'byung bar 'gyur ba'i lam yongs  su mkhyen pa'i phyir lam mkhyen pa'o // / +'jig tshogs 'gog par 'gyur ba'i sgrub pa thugs su chud pa'i phyir mngon sum du mdzad pa brnyes pa'i phyir lam thugs su chud pa ste / / ","0.025#TD4092.2E.TXT.r#2639108#2639108#TD4092.2E.TXT.r_12913# sa 'og ma las yid byung ba dang ma bral ba'i phyir dang  'dod chags dang bral ba'i lam yin pa'i phyir zhes bya bar rgyu  gnyis kyis ro myang ba dang mtshungs par ldan pa ma yin no zhes bya ba yin no // / ","0.025#TD4093.2E.TXT.r#2066996#2066996#TD4093.2E.TXT.r_12867;TD4093.2E.TXT.r_12868# 'bad nas mngon du byed pa'i phyir ro // / +'di ltar rnyed pa'i lam ni 'bad pas mngon du byed pa'i phyir ro // / ","0.025#TD4047E.TXT.r#1222784#1222784#TD4047E.TXT.r_14401;TD4047E.TXT.r_14402# byang chub sems dpa'i sa'i gzhi'i rnal 'byor gyi gnas tha ma las sa'i le'u ste gsum pa'i 'grel pa rdzogs so //// / +de ltar sa la gnas pa'i byang chub sems dpa'i spyod pa'i  sbyor ba bstan pa'i phyir / / ","0.025#TD4097E.TXT.r#2224546#2224546#TD4097E.TXT.r_2940# rgyun la yongs su bsgos pa'i phyir yang srid par skye bar rnam par shes pa'i nus pa ste / / ","0.025#TD4069E.TXT.r#677053#677053#TD4069E.TXT.r_7594;TD4069E.TXT.r_7595# ngan  song du GYUR PA GANG YIN PA'I nyon mongs pa'i kun nas nyon mongs pa la sogs pa zad par bya ba'i phyir de kho na nyid de rtogs pa med pa'o // / +nyon mongs pa'i yan lag gnyis zad par bya ba'i phyir te / / ","0.026#TD4093.2E.TXT.r#2048792#2048799#TD4093.2E.TXT.r_10227;TD4093.2E.TXT.r_10228;TD4093.2E.TXT.r_10229# zhugs pa dang 'bras bu'i lam btang ba dang thob pa'i phyir ro zhes bya ba la zhugs pa'i lam btang ba'i phyir te / / ","0.026#TD4093.1E.TXT.r#876425#876428#TD4093.1E.TXT.r_17702;TD4093.1E.TXT.r_17703# de las gzhan pa'i sems las byung ba bzhin no // / +ji ltar lhan cig 'byung ba gnyis skyed par  byed pa'ang bskyed par bya ba'i dngos por grub ces bya ba la / / ","0.026#TD4016.2E.TXT.r#2311777#2311778#TD4016.2E.TXT.r_112# kha cig na re 'di ni bskal ba grangs med pa gnyis par gtogs pas rab tu dga' ba'i nye ba'i sbyor ba yin pa'i phyir ji ltar mi lcogs pa med pa'i ting nge 'dzin ni bsam gtan dang por gtogs pa lta bu'o zhe'o / / ","0.026#TD4093.2E.TXT.r#2052992#2052992#TD4093.2E.TXT.r_10809;TD4093.2E.TXT.r_10810# mthong bas thos pa re re'o zhes bya ba ni de ni lam gnyi gas brtan por byas pa ma yin pa'i phyir te / / +slob pa'i gnas skabs yin pa'i phyir ro // / ","0.026#TD4090.2E.TXT.r#1068259#1068260#TD4090.2E.TXT.r_2562;TD4090.2E.TXT.r_2563;TD4090.2E.TXT.r_2564# skyon thams cad dang bral ba'i phyir nges par 'byung ba'o // / +bgrod pa'i don gyis lam mo // / ","0.026#TD4027E.TXT.r#560651#560651#TD4027E.TXT.r_1525;TD4027E.TXT.r_1526# ye shes ni blo sngon du 'gro  bas byed pa'am mthu med par rtog pa'o // / +rnam par rtog pa'i mtha' de gnyis yongs su spang ba'i phyir dpe mar me'o // / ","0.027#TD4047E.TXT.r#1127899#1127899#TD4047E.TXT.r_948;TD4047E.TXT.r_949# bya ba ngan pa la mngon par zhen pa dang  bar ma dor 'jog pa dang  thob par  bya ba thob pa'i thabs la dad pa med pa'o // / +bag med pas ni sgrub par mi byed pa'o // / ","0.028#TD4026E.TXT.r#290053#290053#TD4026E.TXT.r_2611;TD4026E.TXT.r_2612# de la gnas pa ni ming la sems gnas pa'i phyir ro // / +ldan pa'i phyir zhes bya ba ni goms pas sgom pa'i lam dang ngo // / ","0.028#TD4092.2E.TXT.r#2598372#2598373#TD4092.2E.TXT.r_7837# de nas der 'gro ba'i phyir ro zhes bya ba ni lam de las mya ngan las 'das par 'gro ba'i phyir ro zhes bya ba'i don te / / ","0.028#TD4047E.TXT.r#1229926#1229926#TD4047E.TXT.r_15423;TD4047E.TXT.r_15424# gang la gnas nas lam bskyed par nus pa'o // / +rnam par dag pa dang nye ba'i rnam pa gnyis bstan pa'i phyir / / ","0.028#TD4034.1E.TXT.r#894383#894383#TD4034.1E.TXT.r_715;TD4034.1E.TXT.r_716# stong pa zhes bya ba'i tshig kyang tshig gzhan la don gzhan 'byung bas brtag dka' ba'i phyir dka' ba'o // / +don rnams kyang rtogs par dka' bas na zab pa'o // / ","0.028#TD4035E.TXT.r#135716#135716#TD4035E.TXT.r_1897;TD4035E.TXT.r_1898# rnam pa bcu'i phyir te / / +rjes su 'brel ba'i skye bo'i don dang  dmigs pa myong ba'i don dang  dmigs pa'i mtshan mar 'dzin pa'i don dang  dmigs pa mngon par 'du byed  pa'i don dang  chos de dag nyid dus tha dad pa'i don dang  sgrib pa med pa'i don dang  mi rtag pa dang bral ba'i don dang  mi rtag pa dang ma bral ba'i don dang  rtag pa phyin ci ma log pa'i don dang  bde ba dang sdug bsngal dang bral ba'i don dang  tshor ba dang bral ba ma    yin pa'i don dang  tshor ba dang bral ba'i don dang  nang dang phyi'i skye mched rnams kyi rab tu dbye ba de dag ni / / ","0.029#TD4047E.TXT.r#1135204#1135204#TD4047E.TXT.r_2038;TD4047E.TXT.r_2039# zhes  la la nas bstan pas de'i phyir bstan pa yin te / / +gos byin pas gsang ba'i gnas rnams bkab pas mdzes par 'gyur ba'i phyir ro // / ","0.029#TD4035E.TXT.r#180268#180268#TD4035E.TXT.r_9637# lnga po 'di dag ni ting nge 'dzin dang  shes pas rab tu phye ba'i rnal 'byor pa gnyis kyi sems rnam par grol bar 'gyur ba'i skye ba'i sgo yin te / / ","0.029#TD4091E.TXT.r#717980#717980#TD4091E.TXT.r_4271;TD4091E.TXT.r_4272# bdag nyid 'jig pa yin pa'i phyir 'jig na ni byung ba tsam nyid du 'jig pas 'di dag skad cig mar 'jig par grub bo // / +skad cig mar zhig pa'i phyir 'gro ba med do // / "
"557167","TD4027E.TXT.r_847;TD4027E.TXT.r_848"," gnyen po'i phyir lam gyi bden pa'o // / +yon tan skyon dang rnam mi rtog / / ","0.0#TD4032E.TXT.r#1945966#1945972#TD4032E.TXT.r_4048;TD4032E.TXT.r_4049;TD4032E.TXT.r_4050;TD4032E.TXT.r_4051# de'i phyir / / +yon TAN SKYON DANG RNAM MI RTOG / / +shes pas  gzhan las bdag gis ni // / ","0.019#TD4091E.TXT.r#748085#748090#TD4091E.TXT.r_9625;TD4091E.TXT.r_9626;TD4091E.TXT.r_9627;TD4091E.TXT.r_9628# skyon thams cad dang bral ba'i phyir nges par 'byung ba'o // / +'gro ba'i don gyi na lam mo // / ","0.020#TD4016.3E.TXT.r#224713#224713#TD4016.3E.TXT.r_1405# bdag la phan 'dogs pa'i gzhi rnam pa gsum bsdu ba'i phyir dang  bdag dang gzhan la phan 'dogs pa'i rnam pa drug bsdu ba'i phyir dang  bdag dang  gzhan la phan 'dogs pa gzhi rnam pa drug bsdu ba'i phyir dang  theg pa chen po'i rgyu rnam pa bzhi bsdu ba'i phyir dang  theg pa chen po'i lam drug bsdu ba'i phyir dang  theg pa chen po'i bslab pa gsum bsdu ba'i phyir te / / ","0.020#TD4090.2E.TXT.r#1068323#1068324#TD4090.2E.TXT.r_2578;TD4090.2E.TXT.r_2579# dge ba'i phyir gya nom pa'o // / +yid brtan pa'i mchog yin pa'i phyir nges par 'byung ba'o // / ","0.021#TD4096E.TXT.r#1556497#1556497#TD4096E.TXT.r_843# bsam gtan mtha'  na zhes bya ba ni sdug bsngal gyi rgyu dang 'gal ba'i phyir dang lam gyi sla ba'i mchog yin pa'i phyir ro // / ","0.021#TD4026E.TXT.r#290053#290053#TD4026E.TXT.r_2611;TD4026E.TXT.r_2612# de la gnas pa ni ming la sems gnas pa'i phyir ro // / +ldan pa'i phyir zhes bya ba ni goms pas sgom pa'i lam dang ngo // / ","0.021#TD4092.2E.TXT.r#2598372#2598373#TD4092.2E.TXT.r_7837# de nas der 'gro ba'i phyir ro zhes bya ba ni lam de las mya ngan las 'das par 'gro ba'i phyir ro zhes bya ba'i don te / / ","0.021#TD4093.2E.TXT.r#2048792#2048799#TD4093.2E.TXT.r_10227;TD4093.2E.TXT.r_10228;TD4093.2E.TXT.r_10229# zhugs pa dang 'bras bu'i lam btang ba dang thob pa'i phyir ro zhes bya ba la zhugs pa'i lam btang ba'i phyir te / / ","0.021#TD4047E.TXT.r#1127394#1127395#TD4047E.TXT.r_875# thams cad    kyi sems bskyed pa'i rnam pa gcig pa ma yin par bstan pa'i phyir dang  de lta bu'i yon tan gyi khyad par dang ldan pa'i sems bskyed pa'i rnam pa yongs su bstan pa'i phyir / / ","0.022#TD4052E.TXT.r#2845054#2845055#TD4052E.TXT.r_389;TD4052E.TXT.r_390# ji ltar 'dzin pa'i bdag nyid du grags pa de ltar mngon par zhen pa'i    phyir yin gyi / / +yod pa'i phyir gzung ba dang 'dzin pas dben pa'i bdag nyid du ni ma yin te / / ","0.022#TD4016.1E.TXT.r#529970#529971#TD4016.1E.TXT.r_10521# shin tu rnam par dag pa'i ye shes dang   ting nge 'dzin la sogs pa zag pa med pa'i lam gyi chos kyi gnas su gyur pa'i phyir dang  de bzhin gshegs pa'i yon tan bkod pa'i mdo las ji skad du / / ","0.022#TD4009E.TXT.r#341145#341147#TD4009E.TXT.r_2776;TD4009E.TXT.r_2777;TD4009E.TXT.r_2778;TD4009E.TXT.r_2779# ji tsam du gzhan la nye bar bstan pa'i phyir yin     // / +gyi ; / +skyo bar bya ba'i phyir ma yin / / +'dod chags dang bral bar bya ba'i phyir ma yin / / ","0.023#TD4093.1E.TXT.r#863665#863665#TD4093.1E.TXT.r_15729# yang na yul gyi bye brag med pa'i phyir dang  'gro ba'i bye brag med pa'i phyir zhes re  re la bye brag med pa'i sgra sbyor ro // / ","0.025#TD4019E.TXT.r#2450653#2450653#TD4019E.TXT.r_5714# de rnams thob par byed pa'i lam gyi gnas skabs kyang tha dad  pa dang  lam dang 'bras bus bsdus pa'i yon tan gyi bye brag tha dad pa'i rten du gyur pa'i sgo nas sems kyi chos nyid spros pa dang bral zhing 'od gsal ba de nyid nyan thos la sogs pa'i rigs tha dad pa nyid du 'jog ste / / ","0.025#TD4036E.TXT.r#3187#3187#TD4036E.TXT.r_308# mi 'tsho bas 'jigs shing skrag pa'i phyir  yin gyi bdag nyid dul bar bya ba'i phyir ma yin no // / ","0.029#TD4037E.TXT.r#1331065#1331065#TD4037E.TXT.r_2092;TD4037E.TXT.r_2093# dam par gyur pa dang   yon tan brjod pa dang  rjes su dran pa dang  'byung ba dang  khyad par gyis kyang de skad bstan pa bzhin yang dag pa ji lta ba bzhin du rig par bya'o // / +yang rtogs pa'i lam thams cad las yang dag par 'das pa'i phyir bsam gyis mi khyab pa nyid do // / "
"557176","TD4027E.TXT.r_849;TD4027E.TXT.r_850"," shes pas gzhan las bdag gis ni // / +nges par 'byung phyir gzhan zhes bya // / ","0.0#TD4021E.TXT.r#2101277#2101281#TD4021E.TXT.r_266;TD4021E.TXT.r_267;TD4021E.TXT.r_268# tan skyon dang rnam mi rtog / / +shes PAS GZHAN LAS BDAG GIS NI // / "
"557184","TD4027E.TXT.r_851;TD4027E.TXT.r_852"," theg pa gsum ste ci rigs su sbyar bar bya'o // / +de la mya ngan las 'das pa dang  'khor ba la yon tan skyon du shes shing gzhan las thos nas nges par 'byung ba'i phyir nyan thos kyi theg pa'o // / "
"557200","TD4027E.TXT.r_853;TD4027E.TXT.r_854;TD4027E.TXT.r_855"," gzhan las ma thos par de nyid kyis bdag gis nges par 'byung ba'i phyir / / +rang sangs rgyas kyi theg pa'o // / +bdag gis rnam par mi rtog pa'i ye shes kyis nges par 'byung ba'i phyir theg pa chen por rig par bya'o // / ","0.0#TD4032E.TXT.r#1946117#1946121#TD4032E.TXT.r_4069;TD4032E.TXT.r_4070# de nyid kyis zhes bya ba ni mya ngan las 'das pa dang  'khor ba gnyis la yon tan dang skyon du shes nas sangs    rgyas dang byang chub sems dpa' GZHAN LAS MA THOS PAR BDAG GIS NGES PAR 'BYUNG BA'I PHYIR RANG SANGS RGYAS KYI THEG PA'O // / ","0.013#TD4018E.TXT.r#3064452#3064453#TD4018E.TXT.r_7845;TD4018E.TXT.r_7846# bsam  pa med cing snang ba med pa don dam pa'i bden pa mi gnyis par yang dag par rig pa ni mtshan ma thams cad las 'das pas na der yod pa dang  med pa dang  rtag pa dang  mi rtag pa dang  bde ba dang  sdug bsngal ba dang  bdag dang  bdag med pa dang  mdzes pa dang  mi    mdzes pa la sogs par tha dad par snang ba'i rnam par rtog pa'i mtshan ma med pa'i phyir ro // / ","0.013#TD4054E.TXT.r#1040237#1040239#TD4054E.TXT.r_7862# gang zag dang chos la bdag med pa'i dbang du bya ba'i chos la sbyor ba'i 'phen pas 'jig rten las 'das PA'I YE SHES KYIS DE gnyi gar rab tu rtogs pa'i phyir ro // / ","0.016#TD4047E.TXT.r#1167738#1167738#TD4047E.TXT.r_6863# chos la ser sna byed pa gzhom pa'i don dang  ma 'ongs pa'i ye shes yongs su rdzogs par bya ba'i  phyir dang  sems can rnams yongs su smin par bya ba'i phyir ro // / ","0.017#TD4038.1E.TXT.r#2788576#2788576#TD4038.1E.TXT.r_12125;TD4038.1E.TXT.r_12126# des thos pa las byung ba'i shes pas brtson par byed pa nas / / +thos pa las byung ba'i shes pa rnam par dag PAR BYA BA'I PHYIR / / ","0.018#TD4037E.TXT.r#1332812#1332813#TD4037E.TXT.r_2327;TD4037E.TXT.r_2328# sems can rnams kyis gces par bya ba bskyed pa'i phyir dang  bzo dang las kyi gnas shes pa sbyin pa'i phan 'dogs pas bsdus pa'i phyir ro // / ","0.018#TD4092.2E.TXT.r#2625944#2625945#TD4092.2E.TXT.r_11139;TD4092.2E.TXT.r_11140# de med pa'i phyir ro // / +sa 'og ma pa'i zag pa med pa'i shes pa bsam gtan gnyis pa'i sa pa dang  bsam gtan dang po'i sa pa dang  mi lcogs pa med pa'i sa pa de lta bu ni 'thob po // / ","0.018#TD4034.1E.TXT.r#965694#965694#TD4034.1E.TXT.r_9725# de    bas na pha rol tu phyin pa drug rdzogs par bya ba'i PHYIR RNAM PAR MI RTOG PA'I YE SHES DANG ldan par bya ba ni mi rtog par 'dod pa yid la byed pa zhes bya'o // / ","0.018#TD4019E.TXT.r#2486044#2486044#TD4019E.TXT.r_10307;TD4019E.TXT.r_10308# de ni tshad ma la sogs pas gnod pa'i phyir ro // / +bdag med pa'i dngos po zhes pa ni brtags pa'i bdag gis stong pa'i dngos po ste / / ","0.018#TD4061E.TXT.r#1522637#1522637#TD4061E.TXT.r_1343;TD4061E.TXT.r_1344# shes rab kyis so sor 'bigs par byed pa ni bdag gis mngon sum du byas so zhes 'jig rten las 'das PA'I YE SHES KYI RJES las thob pa 'jig RTEN PA'I YE SHES KYIS NGES PAR 'DZIN pa'i phyir ro // / +gzhan  yang nyan pas ni thos pa las byung ba'i ye shes ston par byed do // / ","0.019#TD4092.2E.TXT.r#2570758#2570759#TD4092.2E.TXT.r_4408;TD4092.2E.TXT.r_4409# 'di ni lta ba ma yin gyi 'di ni log pa'i shes pa yin no zhes bya ba ni 'di ni log par dmigs pa'i phyir log pa'i shes pa yin no // / ","0.019#TD4013E.TXT.r#621804#621804#TD4013E.TXT.r_1508# de yang thams cad mkhyen pa'i ye shes kyi rgyur gyur pa'i phyir dang  mi dmigs pa'i RNAM PA'I YE SHES KYIS YONGS su zin pa'i phyir bsod nams shin du khyad par du 'phags par rig  par bya'o // / ","0.019#TD4034.1E.TXT.r#937382#937382#TD4034.1E.TXT.r_6121;TD4034.1E.TXT.r_6122# chos kyi sku'i rgyu mthun pa  las rdzogs longs spyod pa'i sku byung nas sar zhugs pa'i byang chub sems dpa' chen po rnams dang thun mong ma yin pa'i theg pa chen po'i chos rnams kyi longs spyod rdzogs par mdzad pa'i phyir ro // / +yang NA RNAM PAR MI RTOG PA'I YE SHES KYI RJES las thob pa dag la 'jig rten pa'i ye shes la     // / ","0.019#TD4027E.TXT.r#553092#553092#TD4027E.TXT.r_62# de'i don med ces bya ba ni don dang sems can du snang ba rnams med pa dang  bdag dang rnam par rig par snang ba ni log par snang ba'i phyir ro // / ","0.019#TD4093.1E.TXT.r#795796#795796#TD4093.1E.TXT.r_4869;TD4093.1E.TXT.r_4870# zag pa med pa smos pa ni zag pa dang bcas pa las khyad par du bya ba'i phyir ro // / +mi slob pa'i zag pa med pa'i shes  rab ni mi slob pa'i lta ba'o // / ","0.020#TD4034.1E.TXT.r#904919#904919#TD4034.1E.TXT.r_1899# byang chub sems dpa'i rigs yod kyang nye ba'i nyon mongs pa bzhi'i skyon dang ldan na skyon des bsgribs pas sa dang pha rol tu phyin pa'i  spyod pa la 'jug par mi nus par bstan pa'i phyir tshigs su bcad pa rtsom mo // / ","0.020#TD4034.1E.TXT.r#936397#936397#TD4034.1E.TXT.r_5991# dag pa 'jig RTEN PA'I YE SHES KYIS RNAM PAR MI RTOG PA'I RANG bzhin phyin ci ma log par rtogs pa'i phyir ro // / ","0.021#TD4047E.TXT.r#1225866#1225869#TD4047E.TXT.r_14827;TD4047E.TXT.r_14828;TD4047E.TXT.r_14829# shes bya thams cad la thogs pa med par 'jug pa'i phyir thams cad mkhyen pa'o // / +'bad pa med par 'jug pa ni chags pa med pa'i ye shes so // / ","0.021#TD4047E.TXT.r#1124486#1124486#TD4047E.TXT.r_447;TD4047E.TXT.r_448;TD4047E.TXT.r_449# bdag dang gzhan du mnyam pa'i lhag pa'i bsam pas rigs dang ldan pa'i phyir / / +sems can la dga' ba yin no // / +rnam pa bcus ji ltar rigs par sems can la sogs pa'i yul la yang dag par sgrub par byed pas 'jug pa'i tshul khrims kyi rtags bstan pa'i phyir / / ","0.021#TD4010E.TXT.r#2274602#2274602#TD4010E.TXT.r_5625# gzhan gyi sems shes pa dang  gcad pa dang  dbug pa'i rang bzhin nges par rtogs pa'i phyir sems can ma lus pa'i  don yang dag par rdzogs par byed pa'o zhes bya ba'o // / ","0.022#TD4049E.TXT.r#2305283#2305283#TD4049E.TXT.r_3085# 'bel ba'i gtam gyis gtan la 'bebs pas chos la rdzogs par longs spyod pas bde ba la reg par gnas PAR BYA BA'I PHYIR / / ","0.022#TD4016.3E.TXT.r#235248#235248#TD4016.3E.TXT.r_2723# sems can rnams kyi don tshegs chung dus sgrub pa'i phyir dang  sems can rnams kyis gces par bya ba bskyed pa'i phyir dang  bzo dang las kyi gnas shes par bya ba'i sbyin pa'i phan 'dogs pas bsdus pa'i  phyir ro // / ","0.023#TD4019E.TXT.r#2494627#2494627#TD4019E.TXT.r_11442# ma byas pa rtag pa'i phyir zhes pa ni de 'dra ba'i rang bzhin du gzhan las khyad par med PAR 'GYUR BA'I PHYIR / / ","0.028#TD4042E.TXT.r#1682260#1682260#TD4042E.TXT.r_694;TD4042E.TXT.r_695# byang chub sems dpa'i yang ma yin te / / +rang sangs rgyas ni rang gis mngon par rdzogs par byang chub pa'i phyir dang  byang chub sems dpa' ni rnam par grol ba'i snying po 'di la GNAS PAR MI STON PA'I phyir ro // / "
"557214","TD4027E.TXT.r_856;TD4027E.TXT.r_857"," btags bcas rgyur bcas rgyu mtshan dang / / +rab tu zhi ba'i don bcas ni // / ","0.018#TD4032E.TXT.r#1946210#1946214#TD4032E.TXT.r_4079;TD4032E.TXT.r_4080;TD4032E.TXT.r_4081# nga ni 'dus byas dang 'dus ma byas kyi don bstan pa'i phyir / / +btags BCAS RGYUR BCAS RGYU MTSHAN DANG / / "
"557223","TD4027E.TXT.r_858;TD4027E.TXT.r_859;TD4027E.TXT.r_860"," tha ma nyid du bshad pa yin // / +'dus byas dang  'dus ma byas so // / +de la btags pa ni ming gi tshogs la sogs pa'o // / "
"557233","TD4027E.TXT.r_861;TD4027E.TXT.r_862"," rgyu ni sa bon du bsdus pa'i kun gzhi rnam par shes pa'o // / +rgyu mtshan ni gnas dang lus dang longs spyod du bsdus pa dang  'jug pa'i rnam par shes par bsdus pa yid dang  'dzin pa  dang ; / ","2.384#TD4050E.TXT.r#1111773#1111776#TD4050E.TXT.r_1999;TD4050E.TXT.r_2000# zhi gnas dang lhag mthong gi shes pa zhes bya ba ni zhig gnas dang lhag mthong zhes brjod PA'I SHES PA'O // / +kun gzhi  RNAM PAR SHES PA'I SA bon rgyu mtshan dang bcas pa'i rgyu mtshan spangs nas zhes bya ba la rgyu mtshan dang bcas pa zhes bya ba ni rgyu mtshan dang bcas pa zhes bya ba'i tha tshig ste / / ","0.028#TD4051E.TXT.r#1236589#1236589#TD4051E.TXT.r_619;TD4051E.TXT.r_620# gtso bo'i RGYU NI SA BON TE / / +de yongs su 'dzin par byed PAS KUN GZHI RNAM PAR SHES PA NI rgyu mtshan yin  gyi ; / "
"557248","TD4027E.TXT.r_863;TD4027E.TXT.r_864"," rnam par rtog pa ste / / +btags pa dang bcas shing rgyu dang bcas pa'i rgyu mtshan mtshungs par ldan pa dang bcas pa 'di ni 'dus byas su rig par bya'o // / ","0.0#TD4032E.TXT.r#1946385#1946386#TD4032E.TXT.r_4109# btags PA DANG BCAS SHING RGYU DANG BCAS PA'I RGYU  mtshan de ni MTSHUNGS PAR LDAN PA DANG BCAS PA gzhan gyi dbang gi ngo bo bsdus pa'i PHYIR 'DUS BYAS SU RIG PAR BYA'O // / "
"557261","TD4027E.TXT.r_865;TD4027E.TXT.r_866"," de la yid ni gang rtag tu rlom sems pa ni rnam pa'o // / +'dzin pa ni rnam par shes pa'i tshogs lnga'o // / ","0.026#TD4068E.TXT.r#601601#601601#TD4068E.TXT.r_3592# gang dag dang bdag gir rlom sems pa de la dngos su yid ces bya bas rnam par shes pa snga ma  'gags pa ni bdag dang bdag gir rlom sems pa'i rang bzhin ma yin pas dngos su de la yid ces mi bya'o // / "
"557272","TD4027E.TXT.r_867;TD4027E.TXT.r_868;TD4027E.TXT.r_869"," rnam par rtog pa ni yid kyi rnam par shes pa ste / / +de ni rnam par rtog par byed pa'i phyir ro // / +'dus ma byas ni rab tu zhi ba 'gog pa dang  rab tu zhi ba'i don de bzhin nyid de lam gyi dmigs pa yin pa'i phyir ro // / "
"557288","TD4027E.TXT.r_870;TD4027E.TXT.r_871;TD4027E.TXT.r_872"," lam yang rab tu zhi ba nyid do // / +des rab tu zhi bar    byed pa'i phyir ro // / +de ltar don 'dis phung po la sogs pa shes pa ni phung po la sogs pa la mkhas par rig par bya'o // / ","0.0#TD4032E.TXT.r#1946671#1946675#TD4032E.TXT.r_4145;TD4032E.TXT.r_4146# gal  te las dang nyon mongs pas mngon par 'dus ma byas pa dang  'dus ma byas kyis rab tu phye ba'i phyir 'dus ma byas zhes brjod na nyes PA MED DO // / +de LTAR DON 'DIS PHUNG PO LA SOGS PA SHES PA NI PHUNG PO LA SOGS PA LA MKHAS PAR RIG PAR BYA'O ZHES bya ba ni / / "
"557304","TD4027E.TXT.r_873;TD4027E.TXT.r_874"," de kho na'i don bsdus pa ni mdor bsdu na de kho na rnam pa gnyis te / / +me long lta ba'i de kho na dang  snang ba'i de kho na'o // / ","0.022#TD4032E.TXT.r#1946692#1946694#TD4032E.TXT.r_4150;TD4032E.TXT.r_4151;TD4032E.TXT.r_4152# rgyas par thams cad la brjod par bya'o // / +de KHO NA'I DON BSDUS PA NI MDOR BSDU NA DE KHO NA RNAM PA GNYIS SO // / "
"557314","TD4027E.TXT.r_875;TD4027E.TXT.r_876"," de la me long lta bu'i de kho na  ni rtsa ba'i re kho na ste / / +lhag ma rnams der snang ba'i phyir ro // / ","0.027#TD4016.1E.TXT.r#539981#539985#TD4016.1E.TXT.r_11799;TD4016.1E.TXT.r_11800# 'jug pa'i de kho na dang  yang dag pa'i mtshan nyid kyi de kho na dang  rnam par rig pa'i de kho na dang  gnas pa'i de kho na     // / +dang  log par sgrub pa'i de kho na dang  rnam par dag pa'i de kho na dang  yang dag par sgrub pa'i de kho na'o // / ","0.027#TD4027E.TXT.r#556478#556480#TD4027E.TXT.r_720# 'jug pa'i de kho  na dang  mtshan nyid kyi de kho na dang  rnam par rig pa'i de kho na dang  gnas pa'i de kho na dang  log par sgrub pa'i de kho na dang  rnam par dag pa'i de kho na dang  yang dag par sgrub PA'I DE KHO NA STE / / ","0.029#TD4033E.TXT.r#1385919#1385919#TD4033E.TXT.r_690# de kho na'i mtshan nyid la sogs pa  de dag nyid kyi rnam pa rab tu dbye ba'am mtshan nyid ces bya ba ni me long gi de kho na dang  snang BA'I DE KHO NA ZHES bya ba la sogs pa'i rnam pa rab tu dbye bas so // / "
"557323","TD4027E.TXT.r_877;TD4027E.TXT.r_878"," snang ba'i de kho na ni rnam pa dgu ste / / +nga rgyal med pa'i snang ba'i de kho na dang  phyin ci log gi gnyen po'i snang ba'i de kho na dang  nyan thos kyi theg pas nges par 'byung ba snang ba'i de kho na dang  rags pas yongs su  smin par byed cing phra bas rnam par grol bar byed pa'i phyir theg pa chen pos nges par 'byung ba snang ba'i de kho na dang  dpe la brten te rigs pas tshar gcod pa'i phyir phas kyi rgol ba tshar gcod pa snang ba'i de kho na dang  theg pa chen po mngon par brjod pa snang ba'i de kho na dang  shes  bya'i rnam pa thams cad la 'jug pa snang ba'i de kho na dang  ma nor ba'i de bzhin nyid mngon par brjod pa snang ba'i de kho na dang  bdag tu 'dzin pa'i gzhi la dgongs pa thams cad rtogs pa snang ba'i de kho na'o // / ","0.014#TD4054E.TXT.r#1013714#1013714#TD4054E.TXT.r_3826;TD4054E.TXT.r_3827# gdon mi za bar yongs su mya ngan las 'das par des par byas pa'i phyir ro // / +bsrabs pa'ang yin la / / ","0.016#TD4035E.TXT.r#170790#170793#TD4035E.TXT.r_8090;TD4035E.TXT.r_8091;TD4035E.TXT.r_8092# de la dga' bas ni mnyan par byed  do // / +bde bas ni YONGS SU MNYAN PAR BYED do // / ","0.017#TD4046E.TXT.r#2196244#2196245#TD4046E.TXT.r_48;TD4046E.TXT.r_49;TD4046E.TXT.r_50;TD4046E.TXT.r_51# bdag nyid la ltos nas nyams par mi byed do // / +brgyal bag med pa'am / / +brjed ngas pa'am / / ","0.017#TD4092.1E.TXT.r#1424669#1424669#TD4092.1E.TXT.r_2853# des na so so'i nyon mongs pa'i rnam pa dgu pa spong ba'i phyir gnas skabs na spong bar 'gyur te zag pa dang  bcas pa nyon mongs pa can ma yin pa thams cad ni rnam par grol ba'i lam dgu pa kho na la spong bar 'gyur ro // / ","0.018#TD4034.1E.TXT.r#962097#962097#TD4034.1E.TXT.r_9302# bdag nyid sam skri ta'i skad la mkhas pa'i sgo nas bdag la mkhas pa gzhan dag yid ches par bya ba dang  sgra'i gtsug lag shes par rlom pa'i mu stags pa dag tshar gcad par bya ba dang  don gcig la nges pa'i tshig mang po bstan cing bshad pa'i  chos tha snyad la mkhas par bya ba'i phyir tshol bar byed do zhes bya ba'i don to // / ","0.018#TD4093.1E.TXT.r#804577#804577#TD4093.1E.TXT.r_6320;TD4093.1E.TXT.r_6321# kun shes pa dang ldan pa'i dbang pos nye bar spyod par byed de / / +mthong ba'i chos la bde bar gnas pas phye ba'i phyir ro // / ","0.018#TD4071E.TXT.r#410210#410210#TD4071E.TXT.r_1771;TD4071E.TXT.r_1772# cig shos kyis zhes bya ba ni 'jug pa'i rnam par shes pas so // / +yongs su BSGO BAR BYED PA'I PHYIR RO zhes bya ba ni YONGS SU SPOG PAR BYED PA'I PHYIR ro // / ","0.018#TD4016.1E.TXT.r#539976#539985#TD4016.1E.TXT.r_11799;TD4016.1E.TXT.r_11800# 'jug PA'I DE KHO NA DANG  yang dag pa'i mtshan nyid KYI DE KHO NA DANG  rnam par rig PA'I DE KHO NA DANG  GNAS PA'I DE KHO NA     // / ","0.018#TD4027E.TXT.r#556476#556480#TD4027E.TXT.r_720# 'jug pa'i de kho  na dang  mtshan nyid KYI DE KHO NA DANG  rnam par rig PA'I DE KHO NA DANG  GNAS PA'I DE KHO NA DANG  log par sgrub PA'I DE KHO NA DANG  rnam par DAG PA'I DE KHO NA DANG  yang dag par sgrub PA'I DE KHO NA STE / / ","0.018#TD4046E.TXT.r#2201752#2201752#TD4046E.TXT.r_802# chang 'thung ba rnams ni phal che bar ra ro bar bya ba'i phyir chang 'thung bar byed de / / ","0.018#TD4035E.TXT.r#192999#192999#TD4035E.TXT.r_11897# de dag la mkhas pa ga la zhig mngon par chags par byed ces bstan pa'i phyir ro //// / ","0.018#TD4093.1E.TXT.r#804498#804498#TD4093.1E.TXT.r_6304;TD4093.1E.TXT.r_6305# mngal nas skye ba dang  sgo nga las skye ba'i sems can du gyur pa'i phyir ro //// / +srog gi dbang pos ni gnas par byed de / / ","0.018#TD4047E.TXT.r#1136261#1136261#TD4047E.TXT.r_2173# yun ring por yang dag par spong ba bzhi pa gtso bor gyur pas 'phel zhing rgyas par bya ba'i phyir rab tu sbyor bar byed do // / ","0.019#TD4036E.TXT.r#38979#38979#TD4036E.TXT.r_5841;TD4036E.TXT.r_5842# bskyod du zin kyang log par bsgrub pa'i phyir / / +des ni 'phags pa'i lam skyed par mi byed do // / ","0.019#TD4090.1E.TXT.r#1659552#1659552#TD4090.1E.TXT.r_10374;TD4090.1E.TXT.r_10375# sbyor ba las byung ba dag las ni sngar yongs su nyams zin pa'i phyir ro // / +ci la dmigs pa'i log par lta bas kun du gcod par byed ce na / / ","0.019#TD4095E.TXT.r#85205#85205#TD4095E.TXT.r_4336;TD4095E.TXT.r_4337# sbyor ba las byung ba dag ni sngar yongs su nyams zin pa'i phyir ro // / +ci la dmigs pa'i log par lta bas kun du gcod par byed ce na / / ","0.019#TD4029E.TXT.r#2126028#2126028#TD4029E.TXT.r_771# byang chub sems dpa' brtse ba dang ldan pa'i phyir sems can gyi bya ba mang pos yongs su skyo bas 'jigs par  mi 'gyur bas ngan song dang yongs su skyobs 'jigs pa med pa zhes bya'o // / ","0.019#TD4069E.TXT.r#642103#642104#TD4069E.TXT.r_2739;TD4069E.TXT.r_2740# zhum pa dang  rgod pa'i gnyen po bsgom pa nyid kyi phyir zhes bya ba ni zhum pa'i gnyen po bsgom pa'i phyir sems rab tu 'dzin par byed do // / ","0.019#TD4037E.TXT.r#1334499#1334499#TD4037E.TXT.r_2558;TD4037E.TXT.r_2559# bdud kyi ris kyi lha rnams la ji ltar tho 'tshams pa'i bsam pas slod du 'ong ba rnams la yang de dag nyid la gnod pa dang  phung ba chen por mi 'gyur bar bya ba'i phyir / / +rang gi lus dang yan lag gse zhing sbyin par mi byed do //// / ","0.019#TD4037E.TXT.r#1335454#1335454#TD4037E.TXT.r_2700;TD4037E.TXT.r_2701# gzhan dag la tshul 'chos pa'i phyir yang sbyin par mi byed pa'i phyir ro // / +bkren pa'i tshul du sbyin pa sbyin par yang mi byed de / / ","0.019#TD4083E.TXT.r#685682#685682#TD4083E.TXT.r_183# thabs mkhas pas kyang ston par byed pa de bzhin du ser sna can rnams kyi ser sna spong bar byed pa dang  tshe 'di la yang yang dag pa dang  tshegs chung ngus longs spyod  rnams bsgrub pa dang  bsrung ba dang  bstan pa 'di la sdang ba rnams dad pa thob par bya ba dang  mthong ba thob par bya ba dang  lta ba rnam par dag pas ngan song las yang dag par 'da' bar bya ba dang  kun tu sbyor ba thams cad mthar thug pas sdug bsngal ba thams cad las yang dag  par 'da' bar bya ba'i phyir chos ston pa'am thabs mkhas pas kyang ston par byed do // / ","0.019#TD4088E.TXT.r#2828145#2828146#TD4088E.TXT.r_707;TD4088E.TXT.r_708# ji ltar 'di na kha cig gang la kun nas mnar sems dang  khro ba'i sems yod pa'i phyir / / +de las ma byin par  len par byed do // / ","0.020#TD4090.1E.TXT.r#1647415#1647415#TD4090.1E.TXT.r_8483# bsgom pas  spang bar bya bas slong bar byed kyi de kha nang du bltas pa'i phyir mthong bas spang bar bya ba ni ma yin no // / ","0.021#TD4032E.TXT.r#1946897#1946902#TD4032E.TXT.r_4183;TD4032E.TXT.r_4184# des dngos po rnams kyi MA NOR BA DE BZHIN NYID dang gzhan ma yin  PA DE BZHIN NYID MNGON PAR BRJOD PA'I phyir ro // / +bdag TU 'DZIN PA'I GZHI LA DGONGS PA THAMS CAD RTOGS PAR SNANG BA'I DE KHO NA ZHES bya ba ni mkhas PA'I DE KHO NA STE / / ","0.021#TD4016.1E.TXT.r#539913#539913#TD4016.1E.TXT.r_11785;TD4016.1E.TXT.r_11786;TD4016.1E.TXT.r_11787# sdug bsngal gyi de kho na nyid do // / +log par bsgrub pa'i de bzhin nyid ni 'di lta ste / / +kun 'byung BA'I DE KHO NA NYID do // / ","0.021#TD4035E.TXT.r#170331#170331#TD4035E.TXT.r_8010;TD4035E.TXT.r_8011# ha cang btud de yid la  byed pa'i phyir ha cang brtun ngas par 'gyur ro // / +ha cang brtun ngas pa'i nyes pas ni ha cang zhum par byed de / / ","0.021#TD4054E.TXT.r#1003832#1003832#TD4054E.TXT.r_2130;TD4054E.TXT.r_2131# 'phen pa'am yongs su rdzogs par byed pa ni / / +ngan 'gro'i dbang du byas nas 'phen pa'o // / ","0.022#TD4093.2E.TXT.r#1986952#1986952#TD4093.2E.TXT.r_1195;TD4093.2E.TXT.r_1196# gang zag log par lta ba 'am bdag tu lta ba zhig gzhan dag la 'jig rten pha rol tu med pa 'am bdag yod  par ston par 'dod pas ngag skyes par byed pa'i sems kha phyir bltas pa bsgom pas spang bar bya ba rtog pa dang bcas shing dpyod pa dang bcas pas tshig tu smra bar byed kyi / / +lta ba dang mtshungs par ldan pas ni ma yin pa'i phyir na bar du chod par 'gyur ro // / ","0.022#TD4032E.TXT.r#1959951#1959952#TD4032E.TXT.r_6266;TD4032E.TXT.r_6267# rang bzhin gyis 'byung ba med pa'i mtshan nyid yin pa'i phyir ro // / +ngo bo nyid med par shes pas shes bya'i ngo bo nyid med par mi byed de / / ","0.022#TD4092.2E.TXT.r#2584918#2584918#TD4092.2E.TXT.r_6083# tha ma'i cha dang mthun pa spangs pa'i yongs su shes pa ni mi lcogs pa med pa'i 'bras bu kho na yin no zhes bya ba ni 'dod pa las 'dod  chags dang ma bral ba ni mi lcogs pa med pa kho nas tha ma'i cha dang mthun pa spong bar byed kyi dngos gzhis ni ma yin te / / ","0.022#TD4032E.TXT.r#1941803#1941805#TD4032E.TXT.r_3481;TD4032E.TXT.r_3482# de la mtshan nyid KYI DE KHO NA DANG RNAM PAR DAG PA'I DE KHO NA GNYIS ni  gzhan du 'gyur ba med par yongs su grub pas yongs su grub pa'o // / +rnam par rig PA'I DE KHO NA DANG  yang dag par sgrub PA'I DE KHO NA GNYIS ni phyin ci ma log par yongs su grub pas yongs su grub pa'o // / ","0.022#TD4032E.TXT.r#1945523#1945523#TD4032E.TXT.r_3983# sngon kun mi shes pa'i  DE KHO NA KUN SHES par bya ba'i phyir zhugs pas mi shes pa kun shes par byed pa'i dbang po zhes bya'o // / ","0.023#TD4029E.TXT.r#2152367#2152367#TD4029E.TXT.r_4167;TD4029E.TXT.r_4168# yid kyi  mdud pa rnams spangs pa'i phyir dmigs pa 'chad do zhes 'byung ba'i phyir ro zhes bya ba mdo'i dum bus de ston par byed do // / +nyon mongs pa ni dmigs par bshad pas nyon mongs pa spangs pa'i phyir / / ","0.023#TD4092.2E.TXT.r#2603045#2603045#TD4092.2E.TXT.r_8391;TD4092.2E.TXT.r_8392# gsum pa ni rnam par grol ba'i lam lta bu yin no zhes bya ba ni zag pa med pa'o // / +dbang po rtul po rnams ni nyon mongs pas kyang 'jigs pa'i phyir spel bar byed de / / ","0.023#TD4016.1E.TXT.r#473314#473314#TD4016.1E.TXT.r_3116;TD4016.1E.TXT.r_3117# 'di ltar thos nas mi brjed par 'dzin par byed do // / +don phyin ci ma log par 'dzin pa'i phyir ro // / ","0.023#TD4047E.TXT.r#1198230#1198230#TD4047E.TXT.r_10944# byed 'dod pa'i sems kyis rab tu 'jug pa nyid la rab tu sbyor bar byed do zhes bstan pa'i phyir gang ci yang rung ba'i rnam pas don de bsgrub par bya'o zhes nges par byed pa nyid ni byed 'dod pa nyid do // / ","0.024#TD4093.2E.TXT.r#2062321#2062321#TD4093.2E.TXT.r_12205;TD4093.2E.TXT.r_12206;TD4093.2E.TXT.r_12207# nges par 'byung ba'i dgos pa ni nges par 'byin pa ste / / +dbang po'i dga' ston bzhin no // / +gtan du ba ma yin pa'i phyir mi rtag pa'o zhes bya ba ni / / ","0.024#TD4036E.TXT.r#36910#36910#TD4036E.TXT.r_5546;TD4036E.TXT.r_5547;TD4036E.TXT.r_5548# de la sems rab tu 'dzin par byed ces bya ba ni gang gi tshe sems de zhi gnas bsgom pa dang  rtse gcig tu bya ba nyid la rab tu brtson par byed pa dang  sdig  pa mi dge ba'i chos ma skyes pa rnams mi skyed pa dang  de bzhin du rgyas par snga ma bzhin du dge ba'i chos skyes pa rnams gnas pa dang  mi brjed pa dang  bsgom pa yongs su rdzogs par bya ba'i phyir rab tu brtson par byed cing / / +de yang de ltar nang du mngon par bsdus pa ni / / +de zhum par 'gyur pa'am / / ","0.024#TD4032E.TXT.r#1946783#1946784#TD4032E.TXT.r_4166;TD4032E.TXT.r_4167# de ni    rtag pa la sogs PAR PHYIN CI LOG GI GNYEN POR gyur pa'o // / +nyan THOS KYI THEG PAS NGES PAR 'BYUNG BA SNANG BA'I DE KHO NA NI 'BRAS bu dang rgyu'i de kho na ste / / ","0.024#TD4091E.TXT.r#725547#725547#TD4091E.TXT.r_5615;TD4091E.TXT.r_5616# skyes nas thob pa 'ba' zhig gcod par 'gyur gyi    sbyor ba las byung ba ni sngar yongs su nyams pa'i phyir ro // / +ci la dmigs bas log par lta bas gcod par byed ce na / / ","0.024#TD4047E.TXT.r#1138525#1138525#TD4047E.TXT.r_2477;TD4047E.TXT.r_2478# nyon mongs pa med pas nyon mongs pa med pa dang  rnam par rtog pa med pa'i nyon mongs pa med pa'o // / +gnyi ga'i nyon mongs pa med pa ni de kho na rnam par rig par 'gyur ro zhes bya bar de kho na'i don gang zhes na zhes bya ba smras te / / ","0.025#TD4032E.TXT.r#1946867#1946868#TD4032E.TXT.r_4178;TD4032E.TXT.r_4179;TD4032E.TXT.r_4180# des ni nyon mongs pa dang shes bya'i sgrib pa rnam par dag pa'i ye shes kyi spyod yul gyi lung gzhan MNGON PAR BRJOD PA STE / / +de ni theg pa chen po'o // / +shes BYA'I RNAM PA THAMS CAD  LA 'JUG PA SNANG BA'I DE KHO NA LA bsdu BA'I DE KHO NA DNGOS po lnga ste / / ","0.026#TD4069E.TXT.r#651004#651004#TD4069E.TXT.r_3979# lus shin tu sbyangs pa'i khyad par dang ldan pa'i phyir dang  sems shin tu sbyangs pa'i khyad par dang ldan pa'i phyir 'byung ba gang yin pa'am / / ","0.027#TD4032E.TXT.r#1941196#1941196#TD4032E.TXT.r_3387# de'i phyir rtsa BA'I DE KHO NA RNAM pa gsum du bsdu BA'I DE KHO NA JI LTAR rig par bya zhe na zhes dris pa dang  rtsa BA'I DE KHO NA RNAM pa  gsum du bsdu BA'I DE KHO NA 'DUS par bstan pa'i phyir / / ","0.028#TD4054E.TXT.r#1029764#1029764#TD4054E.TXT.r_6400;TD4054E.TXT.r_6401# sems  phyin ci log par bsgrub pa'i phyir ro // / +de kho na khong du chud pa'i nyes pas mi rtag pa la sogs par phyin ci log tu gyur ba'i sems de phyin ci log med par de kho na khong du chud pa la 'jog pas bsgrub pa'o // / ","0.029#TD4068E.TXT.r#583361#583361#TD4068E.TXT.r_1625;TD4068E.TXT.r_1626# rtag pa dang chad par bltas na dbu ma'i lam de rtog par mi 'gyur bas na dbu ma'i lam nas 'byung ba la bgegs byed pa'o // / +log pa'i lta ba'i rang bzhin bstan pa'i phyir / / ","0.029#TD4047E.TXT.r#1222163#1222163#TD4047E.TXT.r_14310;TD4047E.TXT.r_14311# nges par bstan par bya dgos pa'i phyir ro // / +de'i phyir so sor brtags pa'i stobs kyis brtan par gzhag par bya'o // / ","0.029#TD4054E.TXT.r#1025181#1025182#TD4054E.TXT.r_5656;TD4054E.TXT.r_5657# de spangs sa ma ma spangs par khong du chud par bya ba'i phyir te / / +'byung ba dang mthun pa'i sdug bsngal ba'i mtshan nyid la byed pas so sor rtogs pa ni dpyod pa'i yid la byed pa'o // / ","0.029#TD4069E.TXT.r#657873#657875#TD4069E.TXT.r_4955;TD4069E.TXT.r_4956;TD4069E.TXT.r_4957# de'i nyes dmigs bstan pas ni rnam par byang bar byed do // / +de LAS NGES PAR 'BYUNG BA'I thabs kyang yin te / / "
"557381","TD4027E.TXT.r_879"," bstan bcos dbus dang mtha' rnam par 'byed pa las de  kho na zhes bya ba'i le'ur bcad pa gsum pa'i 'grel pa'o //// / ","0.014#TD4027E.TXT.r#558678#558683#TD4027E.TXT.r_1148# BCOS DBUS DANG MTHA' RNAM PAR 'BYED PA LAS GNYEN po bsgom PA ZHES BYA BA'I LE'UR BCAD PA BZHI ba'i 'grel pa'o //// / ","0.015#TD4027E.TXT.r#554296#554297#TD4027E.TXT.r_304# bstan  BCOS DBUS DANG MTHA' RNAM PAR 'BYED PA LAS mtshan nyid kyi le'ur bcad pa zhes bya ba ste dang po'i 'grel pa'o //// / ","0.015#TD4027E.TXT.r#555647#555655#TD4027E.TXT.r_558;TD4027E.TXT.r_559# bsdus pa'i sgrib pa ni mdor bsdus pa rnam pa  gnyis po gang yin pa'o // / +bstan BCOS DBUS DANG MTHA' RNAM PAR 'BYED PA LAS sgrib pa'i le'ur bcad pa zhes bya ba GNYIS PA'I 'GREL PA'O //// / ","0.015#TD4016.2E.TXT.r#2377993#2377993#TD4016.2E.TXT.r_8037;TD4016.2E.TXT.r_8038# rgya cher de nyid las bstan pa bzhin no // / +bstan BCOS DBUS DANG MTHA' RNAM PAR 'BYED PA LAS / / ","0.017#TD4016.2E.TXT.r#2367645#2367647#TD4016.2E.TXT.r_6716;TD4016.2E.TXT.r_6717;TD4016.2E.TXT.r_6718# ming gi rnam grangs mang po de yang bstan pa rnams las so so nas bshad pa mi mthun pas / / +bstan bcos     // / +dbus DANG MTHA' RNAM PAR 'BYED PA LAS NI mdor bsdus nas bdag med pa la sogs pa'i ming drug gis bstan pa yin te / / ","0.019#TD4021E.TXT.r#2100993#2100996#TD4021E.TXT.r_176;TD4021E.TXT.r_177;TD4021E.TXT.r_178# de zad nas ni grol bar 'dod // / +bstan BCOS DBUS DANG MTHA' RNAM PAR 'BYED PA LAS / / ","0.021#TD4032E.TXT.r#1937706#1937708#TD4032E.TXT.r_2840# BSTAN BCOS DBUS DANG MTHA' RNAM PAR 'BYED PA LAS sgrib pa'i  le'ur bcad pa ste gnyis pa'i 'grel bshad do //// / ","0.021#TD4032E.TXT.r#1952588#1952590#TD4032E.TXT.r_5080# bstan  BCOS DBUS DANG MTHA' RNAM PAR 'BYED PA LAS GNYEN po bsgom PA'I LE'UR BCAD PA STE bzhi pa'i 'grel bshad do //// / ","0.021#TD4016.2E.TXT.r#2382801#2382801#TD4016.2E.TXT.r_8597;TD4016.2E.TXT.r_8598# kha cig na re nyan thos kyi yid la byed pa'i rnam par gyeng ba yin pa'i phyir / / +bstan BCOS DBUS DANG MTHA' RNAM PAR 'BYED PA LAS DMAN pa'i sems kyis yid la byed pa zhes bstan pa  yin no zhes zer te / / ","0.026#TD4016.2E.TXT.r#2384770#2384770#TD4016.2E.TXT.r_8813;TD4016.2E.TXT.r_8814# rgyu dang rkyen des dge ba la zhugs pa khad kyis nyams par rig par bya'o zhes bshad do // / +bstan BCOS DBUS DANG MTHA' RNAM PAR 'BYED PA LAS NI / / ","0.029#TD4032E.TXT.r#1962955#1962955#TD4032E.TXT.r_6792;TD4032E.TXT.r_6793;TD4032E.TXT.r_6794# chos dang gang zag la mngon par zhen pa med de / / +sgrib pa med par nges par 'byung ba'o // / +bstan BCOS DBUS DANG MTHA' RNAM PAR 'BYED PA LAS / / "
"557394","TD4027E.TXT.r_880;TD4027E.TXT.r_881"," bstan bcos dbus dang mtha' rnam par 'byed pa'i 'grel pa / / +bam po gnyis pa ste tha ma // / "
"557402","TD4027E.TXT.r_882;TD4027E.TXT.r_883;TD4027E.TXT.r_884"," gnyen po bsgom pa ni byang chub kyi phyogs bsgom pa ste / / +de da brjod par bya'o // / +de la re zhig dang por / / "
"557410","TD4027E.TXT.r_885;TD4027E.TXT.r_886"," gnas ngan len phyir sred rgyu'i phyir // / +gzhi yi phyir dang ma rmongs phyir // / ","0.0#TD4021E.TXT.r#2101311#2101319#TD4021E.TXT.r_274;TD4021E.TXT.r_275;TD4021E.TXT.r_276;TD4021E.TXT.r_277# GNAS NGAN LEN PHYIR SRED RGYU'I PHYIR // / +gzhi YI PHYIR DANG MA RMONGS PHYIR // / ","1.192#TD4032E.TXT.r#1947057#1947057#TD4032E.TXT.r_4206;TD4032E.TXT.r_4207# de la re zhig dang por / / +gnas NGAN LEN PHYIR SRED RGYU'I PHYIR // / "
"557419","TD4027E.TXT.r_887;TD4027E.TXT.r_888;TD4027E.TXT.r_889"," bden pa bzhi la 'jug bya bas // / +dran pa nye bar gzhag pa bsgom // / +lus kyis ni gnas ngan len rab tu ston te / / "
"557430","TD4027E.TXT.r_890;TD4027E.TXT.r_891"," de yang yongs su brtags pas sdug bsngal gyi bden pa la 'jug go // / +de'i mtshan nyid ni gnas ngan len dang bcas pa'i 'du byed yin pa'i phyir ro // / ","0.0#TD4029E.TXT.r#2156207#2156212#TD4029E.TXT.r_4701;TD4029E.TXT.r_4702# de la rab  TU BRTAGS PAS SDUG BSNGAL GYI BDEN PA LA 'JUG GO // / +de'i MTSHAN NYID NI GNAS NGAN LEN DANG BCAS PA'I 'DU BYED YIN PA'I PHYIR RO // / "
"557443","TD4027E.TXT.r_892"," gnas ngan len ni 'dud byed kyi sdug bsngal nyid de des zag pa dang bcas pa'i dngos po thams cad 'phags pas sdug bsngal du gzigs so // / ","0.0#TD4029E.TXT.r#2156219#2156224#TD4029E.TXT.r_4703;TD4029E.TXT.r_4704;TD4029E.TXT.r_4705;TD4029E.TXT.r_4706;TD4029E.TXT.r_4707# GNAS NGAN LEN NI 'DU BYED KYI SDUG BSNGAL NYID DE / / +des ZAG PA DANG BCAS PA'I DNGOS PO THAMS CAD 'PHAGS PAS / / +sdug bsngal  du gzigs so // / "
"557453","TD4027E.TXT.r_893;TD4027E.TXT.r_894;TD4027E.TXT.r_895"," sred pa'i rgyu ni tshor ba ste / / +de la yongs su     // / +brtags pas kun 'byung gi bden pa la 'jug go // / ","0.015#TD4029E.TXT.r#2156221#2156224#TD4029E.TXT.r_4704;TD4029E.TXT.r_4705;TD4029E.TXT.r_4706;TD4029E.TXT.r_4707# des zag pa dang bcas pa'i dngos po thams cad 'phags pas / / +sdug bsngal  du gzigs so // / +sred PA'I RGYU NI TSHOR BA STE / / ","0.027#TD4034.2E.TXT.r#2904115#2904116#TD4034.2E.TXT.r_5058;TD4034.2E.TXT.r_5059# de brtags PAS KUN 'BYUNG GI BDEN PA LA 'JUG GO // / +sems  ni bdag tu mngon par chags pa'i dngos po ste / / "
"557463","TD4027E.TXT.r_896;TD4027E.TXT.r_897"," bdag tu mngon par zhen pa'i gzhi ni sems te / / +de la yongs su brtags pas 'gog pa'i bden pa la 'jug ste / / ","0.0#TD4029E.TXT.r#2156229#2156241#TD4029E.TXT.r_4707;TD4029E.TXT.r_4708;TD4029E.TXT.r_4709;TD4029E.TXT.r_4710# DE YONGS SU BRTAGS PAS KUN 'byung BA'I BDEN PA LA 'JUG GO // / +bdag TU MNGON PAR ZHEN PA'I GZHI NI SEMS TE / / "
"557473","TD4027E.TXT.r_898;TD4027E.TXT.r_899"," bdag chad par dogs pa'i 'jigs pa med pa'i phyir ro // / +chos la yongs su  brtags pas kun nas nyon mongs pa dang rnam par byang ba'i chos la rmongs pa med pa'i phyir lam gyi bden pa la 'jug go // / ","0.0#TD4029E.TXT.r#2156239#2156254#TD4029E.TXT.r_4709;TD4029E.TXT.r_4710;TD4029E.TXT.r_4711# de LA YONGS SU BRTAGS PAS 'GOG PA'I BDEN PA LA 'JUG STE / / +bdag chad par dogs pa'i  'jigs PA MED PA'I PHYIR RO // / ","0.0#TD4032E.TXT.r#1947594#1947597#TD4032E.TXT.r_4286# PAS KUN NAS NYON MONGS PA DANG RNAM PAR BYANG BA'I CHOS LA RMONGS PA MED PA'I PHYIR LAM GYI BDEN PA LA 'JUG GO ZHES bya ba de LA KUN NAS NYON MONGS PA'I chos rnams NI NYON MONGS PA DANG NYE ba'i nyon mongs pa rnams so // / ","0.019#TD4009E.TXT.r#331387#331387#TD4009E.TXT.r_1543# dngos po gsum po byis PAS YONGS SU BRTAGS PA'I rten cing 'brel bar 'byung ba de nyid la rtag par mi dmigs pa'i phyir byis PAS YONGS SU BRTAGS PA'I bdag dang    mi 'dra bas phung po rnams kyi mi rtag pa nyid dmigs so zhes bdag med pa'i rang bzhin yongs su brjod pas dngos po la gnas pa'i gang zag la bdag med par ston to // / ","0.019#TD4018E.TXT.r#3087962#3087964#TD4018E.TXT.r_10903# mnyam par  mi 'jog pa'i ma rig pas bdag dang bdag gir chags pas 'khor bar 'jug go // / ","0.023#TD4093.1E.TXT.r#826462#826462#TD4093.1E.TXT.r_9965# sems de yang der rgyun 'chad pas BDAG CHAD PAS 'JIGS PA'I phyir snyoms PAR MI 'JUG GO // / ","0.024#TD4034.2E.TXT.r#2904132#2904132#TD4034.2E.TXT.r_5061;TD4034.2E.TXT.r_5062# bdag chad par 'jigs pa dang bral BA'I PHYIR RO // / +chos LA BRTAGS PAS KUN NAS NYON MONGS PA DANG  RNAM PAR BYANG BA'I CHOS LA kun du gti mug med PAS LAM GYI BDEN PA LA  'jug go // / ","0.025#TD4034.2E.TXT.r#2904027#2904028#TD4034.2E.TXT.r_5047# dad pa la sogs  PA NI RNAM PAR BYANG BA'I CHOS YIN te mya ngan las 'das pa'i rgyu yin par mthong nas dad pa la sogs pa'i chos la sgom par byed pas na LAM GYI BDEN PA LA 'JUG GO // / ","0.028#TD4029E.TXT.r#2126028#2126028#TD4029E.TXT.r_771# byang chub sems dpa' brtse ba dang ldan pa'i phyir sems can gyi bya ba mang pos yongs su skyo bas 'jigs par  mi 'gyur bas ngan song dang yongs su skyobs 'jigs pa med pa zhes bya'o // / ","0.029#TD4047E.TXT.r#1192790#1192790#TD4047E.TXT.r_10219;TD4047E.TXT.r_10220# byams pa nyid sgom par byed pa de ni zhes bya ba ni de dag thams cad bde bar gyur cig ces yid la byas nas chos la dmigs pas sgom par byed kyi sems can du mos pas ni ma  yin no // / +chos de dag kyang byis PAS YONGS SU BRTAGS PA'I rnam par rtog par mi byed pa'o // / "
"557490","TD4027E.TXT.r_900"," de bas na bden pa bzhi la 'jug par bya ba'i phyir thog mar dran pa nye bar gzhag pa bsgom pa rnam par gzhag go // / ","0.0#TD4032E.TXT.r#1947124#1947125#TD4032E.TXT.r_4215# de'i phyir 'khor ba la skyo bar bya ba'i don dang  mya ngan las 'das pa mngon sum du bya ba'i don DU BDEN PA BZHI LA 'JUG PAR BYA BA'I PHYIR DRAN PA NYE BAR GZHAG PA BSGOM PA NYID thog mar bshad do // / "
"557501","TD4027E.TXT.r_901;TD4027E.TXT.r_902;TD4027E.TXT.r_903"," de'i 'og tu yang dag par spong ba bsgom  pa ste / / +'di ltar mi mthun phyogs dang gnyen po rnams // / +rnam pa thams cad yongs shes na / / ","0.021#TD4021E.TXT.r#2101327#2101333#TD4021E.TXT.r_278;TD4021E.TXT.r_279;TD4021E.TXT.r_280;TD4021E.TXT.r_281# mi mthun phyogs dang  GNYEN PO RNAMS // / +rnam PA THAMS CAD YONGS SHES NA // / "
"557511","TD4027E.TXT.r_904;TD4027E.TXT.r_905"," de dag spang phyir brtson 'grus ni // / +rnam pa bzhi dag rab tu 'byung // / "
"557519","TD4027E.TXT.r_906"," dran pa nye bar gzhag pa bsgoms pas mi mthun pa'i phyogs dang gnyen po rnam pa thams cad du  yongs su shes na / / "
"557527","TD4027E.TXT.r_907"," mi mthun pa'i phyogs gsal zhing gnyen po bskyed pa'i phyir brtson 'grus rnam pa bzhi rab tu 'byung ste / / ","0.020#TD4032E.TXT.r#1947814#1947816#TD4032E.TXT.r_4307;TD4032E.TXT.r_4308# BRTSON 'GRUS RNAM PA BZHI  rab tu 'byung zhes byang ni MI MTHUN PA'I PHYOGS DANG gnyen po gnyis skyes pa dang ma skyes pa tha dad PAS BRTSON 'GRUS RNAM PA BZHI 'byung ste / / +sdig pa mi dge ba'i chos skyes pa rnams spang ba'i phyir zhe rgya cher 'byung ngo zhes bya ba 'dis ni lung gis brtson 'grus nyid rnam pa bzhi 'byung bar  ston to // / "
"557538","TD4027E.TXT.r_908;TD4027E.TXT.r_909"," sdig pa mi dge ba'i chos skyes pa rnams spang ba'i phyir zhes rgya cher 'byung ba'o // / +der gnas las su rung ba nyid // / "
"557548","TD4027E.TXT.r_910;TD4027E.TXT.r_911"," don rnams thams cad  'byor par 'gyur // / +nyes pa lnga spong 'du byed brgyad // / ","0.0#TD4021E.TXT.r#2101341#2101346#TD4021E.TXT.r_282;TD4021E.TXT.r_283;TD4021E.TXT.r_284# der gnas las su rung ba nyid // / +don RNAMS THAMS CAD 'BYOR PAR 'GYUR // / "
"557557","TD4027E.TXT.r_912;TD4027E.TXT.r_913"," brten pa'i rgyu las byung ba'o // / +de spang ba'i phyir brtson 'grus rtsom pa de la sems gnas pa'i las su rung ba nyid ni rdzu 'phrul gyi rkang pa bzhi po dag ste / / ","0.010#TD4037E.TXT.r#1349159#1349161#TD4037E.TXT.r_4503;TD4037E.TXT.r_4504# bdag nyid kyis mang du thos pa'i stobs bskyed pas phyin ci ma log par zin pas sems gnas par bya ba'i phyir / / +brtson 'grus rtsom pa 'di ni byang chub sems dpa'i legs par zin pa'i brtson 'grus zhes bya'o // / ","0.014#TD4036E.TXT.r#46224#46227#TD4036E.TXT.r_7069;TD4036E.TXT.r_7070# dang bar 'gyur ba'i dmigs pa gang gis sems rab tu 'dzin par byed pa dang  de dang rjes su mthun PAR BRTSON 'GRUS RTSOM PA GANG yin pa'o // / ","0.014#TD4032E.TXT.r#1947984#1947985#TD4032E.TXT.r_4336;TD4032E.TXT.r_4337# ces rgya cher 'byung ba la der zhes bya ba ni mi mthun pa'i phyogs BSAL BA'I PHYIR BRTSON 'GRUS RTSOM PA DE la'o // / ","0.015#TD4036E.TXT.r#36835#36835#TD4036E.TXT.r_5542;TD4036E.TXT.r_5543# de la 'bad par byed ces bya ba ni skyes par rnams gnas pa dang  mi brjed par bya ba'i phyir ro // / +brtson 'grus rtsom par byed ces bya  ba ni bsgom pa yongs su rdzogs par bya ba'i phyir ro // / ","0.016#TD4047E.TXT.r#1160590#1160590#TD4047E.TXT.r_5806# bla na med pa yang dag par rdzogs pa'i byang  chub tu byang chub sems dpa' brtson 'grus brtsoms rtsom pa'i sgrub pa gsal bar bstan pa'i phyir sangs rgyas kyi gsung rab rnam pa gnyis pa bstan pa'i phyir bsod nams dang ye shes kyi tshogs kyis bsdus pas tshogs kyi lam ma sbyangs par de ltar gzhan gyis byas pas de thob bar mi byed do // / ","0.017#TD4038.2E.TXT.r#3097173#3097173#TD4038.2E.TXT.r_778# dper  na mi la zhig gnyid log pa'i tshe bdag nyid chu bo'i chus khyer ba rmis nas de chu bo de las rgal bar BYA BA'I PHYIR BRTSON 'GRUS chen po la rtsom par 'gyur ba las / / ","0.019#TD4026E.TXT.r#297162#297162#TD4026E.TXT.r_3920# de chos kyi snang ba de nyid spel ba'i phyir mi gnas pa'i byed pas brtson 'grus brtan po rtsom par byed pa de ni 'di'i rtse mo'i gnas skabs yin no // / ","0.021#TD4047E.TXT.r#1183267#1183267#TD4047E.TXT.r_8925;TD4047E.TXT.r_8926# de las bzlog pa rnams ni phyir zhing rtsom pa khyad par du 'phags pa dang ldan pa'i    phyir 'phel bar byed pa'o // / +brtson 'grus rtsom pa la zhes bya ba'i mdo'i tshig ges ni rtag tu byed pa dang gus par byed pa'i sbyor bas brtson 'grus brtsams pa'o // / ","0.024#TD4034.2E.TXT.r#2905780#2905780#TD4034.2E.TXT.r_5305# sems  rab tu 'dzin pa dang  yang dag par 'jog pa ste zhes bya ba la zhum pa dang rgod pa'i gnyen po zhi gnas kyi mtshan ma dang lhag mthong gi mtshan ma la BRTSON 'GRUS RTSOM PA YANG ji ltar brtson zhe na // / ","0.026#TD4034.1E.TXT.r#986714#986714#TD4034.1E.TXT.r_12419;TD4034.1E.TXT.r_12420# chos kyi snang ba 'phel ba'i phyir // / +brtan PA'I BRTSON 'GRUS RTSOM PA STE // / ","0.027#TD4026E.TXT.r#302551#302551#TD4026E.TXT.r_4924;TD4026E.TXT.r_4925# sbyor ba'i  brtson 'grus ni / / +de bzhin du sbyor ba'i phyir ro // / ","0.028#TD4037E.TXT.r#1348832#1348832#TD4037E.TXT.r_4474# lhur sbyor ba'i phyir gus pa'i brtson 'grus dang  sngon gyi rgyu'i stobs kyis bskyed pa'i phyir rgyu mthun pa'i brtson 'grus dang  so sor brtags shing brtags shing dge ba'i phyogs la sbyor ba'i phyir sbyor ba las byung ba'i brtson 'grus dang  sdug bsngal gyi gnod pa thams  cad kyis mi 'khrugs shing gzhan du bsgyur du med pa'i phyir mi 'khrugs pa'i brtson 'grus dang  khyad par thob pa chung ngu dang  ngan don tsam gyis chog mi shes pa'i phyir chog mi shes pa'i brtson 'grus so // / ","0.028#TD4047E.TXT.r#1183413#1183413#TD4047E.TXT.r_8939# khyad par can gyi brtson 'grus kyi  sbyor ba'i rgyu mthun pa'i brtson 'grus dang ldan pa'i phyir rgyu mthun pa'i brtson 'grus zhes bya'o // / ","0.029#TD4069E.TXT.r#623359#623359#TD4069E.TXT.r_197# yang dag par zhugs pa rnams ni zhes bya ba rgya cher 'byung ba ni yang dag par zhugs pa rnams ni phyin ci ma log pa'i brtson 'grus sgrub pa dang ldan pa'i phyir dang  mnyam pa'i brtson 'grus  sgrub pa dang ldan pa'i phyir te / / ","0.029#TD4092.2E.TXT.r#2600776#2600776#TD4092.2E.TXT.r_8131;TD4092.2E.TXT.r_8132# mngon par brtson pa dang  lam ngang gis 'byung ba med pa'i phyir ro zhes bya ba ni mngon par brtson pa ste / / +brtson 'grus med pa'i phyir dang  lam ngang gis 'byung ba med pa'i phyir ro zhes bya ba'i tha tshig go // / ","0.029#TD4054E.TXT.r#1033794#1033794#TD4054E.TXT.r_6985;TD4054E.TXT.r_6986# sel ba dang 'phel bar spyod pa dang ldan pas brtson 'grus te / / +de la sems pa'i phyir spyod pa ni yang dag par spong ba gnyis mi dge ba'i chos dang bral bar byed pa'o // / "
"557569","TD4027E.TXT.r_914;TD4027E.TXT.r_915"," don thams cad 'byor ba'i rgyu yin pa'i phyir ro // / +gnas  pa ni 'dir sems gnas pa ste ting nge 'dzin du rig par bya'o // / "
"557578","TD4027E.TXT.r_916;TD4027E.TXT.r_917"," de'i phyir yang dag par spang ba'i 'og tu rdzu 'phrul gyi rkang pa rnams so // / +las su rung ba de yang nyes pa lnga spang ba'i phyir spong ba'i 'du byed brgyad bsgom pa'i rgyu las byung bar rig par bya'o // / ","0.022#TD4032E.TXT.r#1952001#1952001#TD4032E.TXT.r_4984# de la ting nge 'dzin yongs su sbyang  bar bya ba'i phyir NYES PA LNGA SPANGS PA'I 'DU BYED BRGYAD brten pa'i phyir ro // / "
"557594","TD4027E.TXT.r_918;TD4027E.TXT.r_919;TD4027E.TXT.r_920"," nyes pa lnga po de dag  gang zhe na / / +gsungs pa / / +le lo dang ni gdams ngag rnams // / ","0.021#TD4009E.TXT.r#348185#348185#TD4009E.TXT.r_3802;TD4009E.TXT.r_3803# nyes pa LNGA GANG ZHE NA / / +dang pos ni 'jigs pas brtabs pa'i nyes pa'o // / ","0.022#TD4040E.TXT.r#2190016#2190016#TD4040E.TXT.r_349;TD4040E.TXT.r_350# nyes pa bco lngas ltung ba thams cad rnam par gzhag par rig par bya'o // / +bcu LNGA GANG ZHE NA / / ","0.028#TD4009E.TXT.r#348400#348400#TD4009E.TXT.r_3837;TD4009E.TXT.r_3838# nyes pa LNGA GANG ZHE NA / / +dang po dang gnyis pas ni mi bzod pa'i nyes pa'o // / "
"557602","TD4027E.TXT.r_921;TD4027E.TXT.r_922;TD4027E.TXT.r_923"," brjed dang bying dang rgod pa dang / / +'du mi byed dang 'du byed de // / +'di dag nyes pa lngar 'dod do // / ","0.0#TD4021E.TXT.r#2101356#2101362#TD4021E.TXT.r_285;TD4021E.TXT.r_286;TD4021E.TXT.r_287;TD4021E.TXT.r_288;TD4021E.TXT.r_289# bstan pa'i rgyu las  byung ba'o // / +le lo dang ni gdams ngag rnams // / +brjed DANG BYING DANG RGOD PA DANG / / "
"557612","TD4027E.TXT.r_924;TD4027E.TXT.r_925"," de la bying ba dang rgod pa ni nyes pa gcig tu bsdu'o // / +bying ba dang rgod pa rab tu zhi bar bya ba'i dus na mngon par    'du mi byed na nyes pa'o // / ","0.021#TD4093.2E.TXT.r#2036928#2036929#TD4093.2E.TXT.r_8531# zhes bya ba la chos rjes su dran pa'i mjug thogs su 'du  byed skad cig mar khong du chud par bya ba'i phyir skye ba dang 'jig pa la dpyod do // / ","0.024#TD4009E.TXT.r#332263#332263#TD4009E.TXT.r_1646;TD4009E.TXT.r_1647;TD4009E.TXT.r_1648# de bzhin du smon par byed smon pa med par mi byed / / +mtshan ma med pas mtshan ma med par mi byed / / +mngon PAR 'DU MI BYED PAS mi srid pa can gyi las dang skye ba'i rgyun dang  skad cig gis skye ba'i rgyun dang  'du byed thams cad ngo bo nyid med pas mya ngan las 'das pa dang  'khor ba'i rgyun te / / ","0.025#TD4032E.TXT.r#1948216#1948216#TD4032E.TXT.r_4372# BYING BA DANG RGOD PAR  gyur pa'i TSHE MNGON PAR 'DU MI BYED PA NYES PA'O // / ","0.025#TD4039E.TXT.r#1852559#1852559#TD4039E.TXT.r_4418;TD4039E.TXT.r_4419# gang gi phyir de yang srid par skye ba'i nyon mongs pa'i 'bras bu'i sdug bsngal la mi gnas pa de'i phyir de  tshe'i tshad ji tsam yod pa zad par byas nas 'chi ba'i dus byed de / / +thams cad kyi thams cad du phung po'i lhag mas 'di dang gzhan du lus 'byung bar mi 'gyur zhing bar mdo'i srid pa 'byung bar mi 'gyur ro // / ","0.028#TD4047E.TXT.r#1180386#1180386#TD4047E.TXT.r_8521;TD4047E.TXT.r_8522# 'das pa'i dus nye bar bzung nas ji ltar 'os shing gsha' bar gnyen bshes kyi 'du shes yid la byed pas khro ba'i sems skyes pa rnams bsal nas snying rje kho nas bzod par byed do zhes bya ba'i dbang du byas pa'o // / +thog ma med pa'i dus nas sems can gyi  gnas skabs la yang nges pa med pas rnyed par dka'o zhes smras pa / / ","0.029#TD4047E.TXT.r#1150685#1150686#TD4047E.TXT.r_4386# 'di thos par byed pas na zhes byas nas yang dag par sdud par byed cing 'thob par byed pas tshogs te / / "
"557627","TD4027E.TXT.r_926;TD4027E.TXT.r_927"," rab tu zhi ba'i tshe ni mngon par 'du byed pa'o // / +de dag spang ba'i phyir spong ba'i 'du byed brgyad ji ltar rnam par gzhag ce na / / ","0.021#TD4047E.TXT.r#1221506#1221506#TD4047E.TXT.r_14210;TD4047E.TXT.r_14211# dman pa la sogs pa rnams la rang gi don la sbyor bar bstan pa'i phyir / / +de dag gis ma rtogs pa'i don yang rtogs par byed la zhes bya ba la sogs pa la / / ","0.024#TD4036E.TXT.r#12515#12515#TD4036E.TXT.r_1819;TD4036E.TXT.r_1820# de la zas ran par yongs su longs spyod par byed cing / / +zas ran pa ma yin pas yongs su longs spyod par mi byed pas na // / ","0.024#TD4034.2E.TXT.r#2897043#2897043#TD4034.2E.TXT.r_4077;TD4034.2E.TXT.r_4078# tshul khrims nyams par byed na sngon tshul khrims srung bar byed pas na lha dad pa can rnams bdag la srung bar byed pa de dag kyang de phan chad 'di ni tshul khrims 'chal pas shi ba'i ro dang 'dra'o zhes srung bar mi byed cing rgyab kyis lta bar byed pa'i phyir ro // / +de'i  phyir ston pas btang snyoms 'jog // / ","0.025#TD4032E.TXT.r#1948216#1948216#TD4032E.TXT.r_4372# bying ba dang rgod par  gyur pa'i tshe mngon par 'du mi byed pa nyes pa'o // / ","0.025#TD4083E.TXT.r#685681#685682#TD4083E.TXT.r_183# thabs mkhas pas kyang ston par byed pa de bzhin du ser sna can rnams kyi ser sna spong bar byed pa dang  tshe 'di la yang yang dag pa dang  tshegs chung ngus longs spyod  rnams bsgrub pa dang  bsrung ba dang  bstan pa 'di la sdang ba rnams dad pa thob par bya ba dang  mthong ba thob par bya ba dang  lta ba rnam par dag pas ngan song las yang dag par 'da' bar bya ba dang  kun tu sbyor ba thams cad mthar thug pas sdug bsngal ba thams cad las yang dag  par 'da' bar bya ba'i phyir chos ston pa'am thabs mkhas pas kyang ston par byed do // / ","0.025#TD4036E.TXT.r#42903#42903#TD4036E.TXT.r_6480;TD4036E.TXT.r_6481# mtshan mar 'dzin par byed pa'i tshe na ni yongs su rtog par byed do // / +yang dag par rtog par byed pa'i tshe na ni / / ","0.026#TD4036E.TXT.r#38979#38980#TD4036E.TXT.r_5841;TD4036E.TXT.r_5842# bskyod du zin kyang log par bsgrub pa'i phyir / / +des ni 'phags pa'i lam skyed par mi byed do // / ","0.026#TD4093.1E.TXT.r#830995#830995#TD4093.1E.TXT.r_10672;TD4093.1E.TXT.r_10673# skye ba'i mtshan nyid med par ni de dag gnas par mi 'gyur pa'i phyir ro // / +rga ba'i 'jug pa ni gnas par gyur pa'i tshe bdag nyid ma gtogs pa'i nus pa 'joms par byed ba ste / / ","0.027#TD4018E.TXT.r#3010331#3010332#TD4018E.TXT.r_842;TD4018E.TXT.r_843# de dag yod pa nyid de 'bras bur 'brel bar byed pa  nges pa'i phyir ro // / +de dag don dam par yod pa ma yin par ji ltar yid ches par bya zhes 'dri ba la / / ","0.028#TD4046E.TXT.r#2196244#2196244#TD4046E.TXT.r_48;TD4046E.TXT.r_49;TD4046E.TXT.r_50# bdag nyid la ltos nas nyams par mi byed do // / +brgyal bag med pa'am / / +brjed ngas pa'am / / ","0.028#TD4046E.TXT.r#2201752#2201752#TD4046E.TXT.r_802# chang 'thung ba rnams ni phal che bar ra ro bar bya ba'i phyir chang 'thung bar byed de / / ","0.028#TD4019E.TXT.r#2444055#2444055#TD4019E.TXT.r_4865;TD4019E.TXT.r_4866# 'khor ba'i rgya mtshor ltung bar byed // / +ces gsungs pa'i phyir ro // / ","0.028#TD4093.1E.TXT.r#804498#804498#TD4093.1E.TXT.r_6304;TD4093.1E.TXT.r_6305# mngal nas skye ba dang  sgo nga las skye ba'i sems can du gyur pa'i phyir ro //// / +srog gi dbang pos ni gnas par byed de / / ","0.029#TD4035E.TXT.r#192998#192999#TD4035E.TXT.r_11897# de dag la mkhas pa ga la zhig mngon par chags par byed ces bstan pa'i phyir ro //// / "
"557638","TD4027E.TXT.r_928;TD4027E.TXT.r_929"," le lo spang ba'i phyir bzhi ste / / +'dun pa dang  rtsol ba dang  dad pa dang  shin tu sbyangs pa'o // / ","0.0#TD4032E.TXT.r#1948275#1948277#TD4032E.TXT.r_4383;TD4032E.TXT.r_4384# de la LE LO SPANG BA'I PHYIR BZHI STE / / +'dun pa dang  rtsol ba dang  dad pa dang  SHIN TU SBYANGS PA'O // / "
"557646","TD4027E.TXT.r_930;TD4027E.TXT.r_931"," de dag kyang go rims  bzhin du rig par bya ste / / +gnas dang de la gnas pa dang  rgyu dang 'bras bu nyid du'o // / ","0.021#TD4032E.TXT.r#1948305#1948305#TD4032E.TXT.r_4391;TD4032E.TXT.r_4392# DE DAG KYANG GO RIMS BZHIN DU RIG PAR BYA STE / / +gnas DANG DE LA GNAS PA DANG / / "
"557655","TD4027E.TXT.r_932;TD4027E.TXT.r_933;TD4027E.TXT.r_934"," rtsol ba'i gnas ni 'dun pa'o // / +gnas pa ni rtsol ba'o // / +gnas 'dun pa de'i rgyu ni dad pa ste / / "
"557666","TD4027E.TXT.r_935;TD4027E.TXT.r_936"," yid ches par gyur na mngon par 'dod pa'i phyir ro // / +gnas rtsol ba de'i 'bras  bu ni shin tu sbyangs pa ste / / ","0.025#TD4032E.TXT.r#1948328#1948329#TD4032E.TXT.r_4398;TD4032E.TXT.r_4399# 'dod pa ni rtsol ba'i sngon du 'gro BA'I PHYIR RO // / +gnas 'dun pa'i rgyu ni dad pa ste / / "
"557675","TD4027E.TXT.r_937"," brtson 'grus brtsams pas ting nge 'dzin gyi khyad par thob pa'i phyir ro // / ","0.024#TD4032E.TXT.r#1948356#1948357#TD4032E.TXT.r_4405;TD4032E.TXT.r_4406# ji lta zhe na de'i phyir / / +brtson 'grus BRTSAMS NA TING NGE 'DZIN GYI KHYAD PAR THOB PA'I PHYIR RO ZHES bya ba smos te / / "
"557683","TD4027E.TXT.r_938"," spong ba'i 'du byed lhag ma bzhi ni dran pa dang  shes bzhin dang  sems pa dang  btang snyoms te nyes pa bzhi'i gnyen por grangs bzhin no // / "
"557695","TD4027E.TXT.r_939;TD4027E.TXT.r_940"," de dag kyang dran pa  la sogs par rig par bya ste go rims bzhin no // / +dmigs pa brjed par ma gyur dang / / "
"557704","TD4027E.TXT.r_941;TD4027E.TXT.r_942;TD4027E.TXT.r_943"," bying dang rgod pa rtogs pa dang / / +de spong mngon par 'du byed dang / / +zhi tshe rnal du 'jug pa'o // / ","0.0#TD4021E.TXT.r#2101373#2101380#TD4021E.TXT.r_291;TD4021E.TXT.r_292;TD4021E.TXT.r_293;TD4021E.TXT.r_294;TD4021E.TXT.r_295# rgyu dang 'bras bu nyid du'o // / +dmigs pa brjed par ma gyur dang / / +bying dang  RGOD PA RTOGS PA DANG / / "
"557714","TD4027E.TXT.r_944;TD4027E.TXT.r_945"," dran pa ni dmigs pa ma brjed pa'o // / +shes bzhin ni dran pa ma  brjed par gyur na bying ba dang rgod pa rtogs pa'o // / ","0.017#TD4032E.TXT.r#1948470#1948472#TD4032E.TXT.r_4423;TD4032E.TXT.r_4424# DRAN PA NI DMIGS PA MA BRJED PA'O ZHES bya ba ni sems gnas par bya ba'i gdams ngag yid kyis brjod ces bya ba'i tha tshig go // / +shes bzhin ni dran pa  MA BRJED PAR GYUR NA BYING BA DANG RGOD PA RTOGS PA'O ZHES bya ba ni dran pa nye bar gnas pa shes bzhin dang ldan par 'gyur ro // / "
"557724","TD4027E.TXT.r_946;TD4027E.TXT.r_947"," rtogs nas de dang 'bral ba'i phyir mngon par 'du byed pa ni sems pa'o // / +bying ba dang rgod pa de nye bar zhi bar gyur pa na rnal du 'jug pa ni sems btang snyoms su byed pa'o // / ","0.027#TD4032E.TXT.r#1948239#1948239#TD4032E.TXT.r_4376;TD4032E.TXT.r_4377# MNGON PAR 'DU BYED PA NI SEMS PA'O // / +bying ba dang  rgod pa dang bral bas mnyam pa nyid du gyur pa'i phyir rab tu zhi ba zhes bya'o // / "
"557737","TD4027E.TXT.r_948;TD4027E.TXT.r_949"," rdzu 'phrul gyi rkang pa'i 'og tu dbang po rnams  te dad pa la sogs pa'o // / +de dag las ji ltar rnam par gzhag ce na / / "
"557747","TD4027E.TXT.r_950;TD4027E.TXT.r_951"," thar pa'i cha dang mthun bskyed nas // / +'dun dang sbyor ba dbang byed dang / / ","0.0#TD4021E.TXT.r#2101387#2101395#TD4021E.TXT.r_296;TD4021E.TXT.r_297;TD4021E.TXT.r_298;TD4021E.TXT.r_299# THAR PA'I CHA DANG MTHUN BSKYED NAS // / +'dun DANG SBYOR BA DBANG BYED DANG / / ","0.023#TD4032E.TXT.r#1948563#1948564#TD4032E.TXT.r_4435;TD4032E.TXT.r_4436;TD4032E.TXT.r_4437# de'i phyir / / +thar PA'I CHA DANG MTHUN BSKYED NA // / +'dun DANG SBYOR BA DBANG BYED DO // / "
"557756","TD4027E.TXT.r_952;TD4027E.TXT.r_953;TD4027E.TXT.r_954"," dmigs pa brjed par ma gyur dang / / +mi 'phro rnam par 'byed kyang ngo // / +dbang byed pa zhes bya bar snyegs so // / "
"557766","TD4027E.TXT.r_955"," rdzu 'phrul  gyi rkang pa rnams kyi sems las su rung ba dang  thar ba'i cha dang mthun pa'i dge ba'i rtsa ba bskyed nas / / "
"557776","TD4027E.TXT.r_956;TD4027E.TXT.r_957;TD4027E.TXT.r_958;TD4027E.TXT.r_959"," 'dun pa ni dbang byed pa / / +sbyor ba ni dbang byed pa / / +dmigs pa na brjed pa ni dbang byed pa / / +mi 'phro ba ni dbang byed pa // / "
"557785","TD4027E.TXT.r_960;TD4027E.TXT.r_961"," rab tu rnam par 'byed pa ni dbang byed pa ste /// / +dad pa la sogs pa dbang po lnga dag dang go rims bzhin du rig par bya'o // / "
"557794","TD4027E.TXT.r_962;TD4027E.TXT.r_963"," dad pa la sogs pa de dag nyid stobs dang ldan par 'gyur ba la stobs rnams zhes bya ste / / +de dag mi mthun phyogs ni srab pa'i phyir / / "
"557806","TD4027E.TXT.r_964"," stobs ldan gang gi tshe de dag nyid ma dad  pa la sogs pa mi mthun pa'i phyogs dang mi 'dre ba na'o // / "
"557815","TD4027E.TXT.r_965;TD4027E.TXT.r_966"," ci'i phyir dad pa la sogs pa snga phyir bstan zhe na / / +'di ltar snga ma'i 'bras bu phyi ma yin / / "
"557825","TD4027E.TXT.r_967"," rgyu dang 'bras bu la dad par gyur ba'i rgyus 'bras bu la brtson 'grus rtsom mo // / "
"557833","TD4027E.TXT.r_968;TD4027E.TXT.r_969"," brtson 'grus brtsams pas ni dran pa nye bar  gnas so // / +dran pa nye bar gnas pas ni sems mnyam par 'jog go // / ","0.015#TD4032E.TXT.r#1949001#1949007#TD4032E.TXT.r_4500;TD4032E.TXT.r_4501;TD4032E.TXT.r_4502# rgyu 'di nyid kyi 'bras bu ni 'di'o zhes de ltar dad par gyur pa ni 'bras bu la dad pas de'i rgyu la brtsan 'grus rtsom mo // / +brtson 'grus brtsoms BRTSAMS PA NI DRAN PA NYE BAR GNAS SO // / ","0.017#TD4053E.TXT.r#2999649#2999651#TD4053E.TXT.r_4646;TD4053E.TXT.r_4647# dper na dbang po lnga po rnams te 'di ltar dang na brtson 'grus brtsom mo // / +brtson 'grus brtsams NA DRAN PA NYE BAR GNAS SO // / ","0.018#TD4090.2E.TXT.r#1065104#1065110#TD4090.2E.TXT.r_2043;TD4090.2E.TXT.r_2044;TD4090.2E.TXT.r_2045# dad par gyur  pa ni 'bras bu'i don du brtson 'grus rtsom par byed do // / +brtson 'grus brtsams NA DRAN PA NYE BAR GNAS PAR 'gyur ro // / ","0.018#TD4054E.TXT.r#1047217#1047219#TD4054E.TXT.r_8888;TD4054E.TXT.r_8889# 'di ltar dad na brtson 'grus rtsom mo // / +brtson 'grus brtsams na dran pa nye  bar gnas so // / ","0.024#TD4016.3E.TXT.r#225974#225974#TD4016.3E.TXT.r_1543;TD4016.3E.TXT.r_1544# bzod pa bsgoms nas brtson 'grus rtsom par  'gyur ro // / +brtson 'grus brtsams nas bsam gtan sgrub par 'gyur ro // / ","0.029#TD4026E.TXT.r#299068#299068#TD4026E.TXT.r_4265;TD4026E.TXT.r_4266# bzod pa dang ldan na brtson 'grus rtsom mo // / +brtson 'grus brtsams na ting nge 'dzin skyed par byed do // / ","0.029#TD4034.2E.TXT.r#2945228#2945228#TD4034.2E.TXT.r_10691# dge ba'i phyogs la brtson 'grus drag tu brtsams pa rnams brtson 'grus rtsom pa'i dus na / / "
"557844","TD4027E.TXT.r_970;TD4027E.TXT.r_971"," sems mnyam par gzhag pas ni yang dag pa ji lta ba bzhin du rab tu shes so // / +thar pa'i cha dang mthun pa bskyed zin nas dbang po rnams bstan na / / ","0.023#TD4036E.TXT.r#31531#31532#TD4036E.TXT.r_4846;TD4036E.TXT.r_4847# bde bar 'gyur pa'i sems mnyam par 'jog go // / +sems mnyam par bzhag YANG DAG PA JI LTA BA BZHIN DU RAB TU SHES // / ","0.024#TD4032E.TXT.r#1949557#1949558#TD4032E.TXT.r_4598;TD4032E.TXT.r_4599# ting nge 'dzin ni gnas so zhes bya ba ni lus dang sems gnyis shin tu sbyangs pas rjes su bzung bas na sems mnyam par 'jog go // / +sems mnyam par gzhag NA YANG DAG PA JI LTA BA BZHIN DU RAB TU SHES SO // / ","0.024#TD4036E.TXT.r#8156#8157#TD4036E.TXT.r_1104;TD4036E.TXT.r_1105# bde bar gyur pa'i sems mnyam par 'jog go // / +sems mnyam par gzhag NA YANG DAG PA JI LTA BA BZHIN DU RAB TU SHES SO // / ","0.024#TD4061E.TXT.r#1532215#1532215#TD4061E.TXT.r_2679;TD4061E.TXT.r_2680# ni 'dir tshul khrims dang ldan na sems mnyam par 'jog go // / +sems mnyam par gzhag NA YANG DAG PA JI LTA BA BZHIN DU SHES so zhes 'byung bas 'di ni de'i mtshams sbyar ba yin no // / ","0.024#TD4039E.TXT.r#1863709#1863709#TD4039E.TXT.r_5616;TD4039E.TXT.r_5617# tshul bzhin ma yin pa de yang tshul bzhin ma yin PAR YANG DAG PA JI LTA BA BZHIN DU RAB  tu mi shes la dam pa'i chos mnyan pa tshul bzhin de yang tshul bzhin yin PAR YANG DAG PA JI LTA BA BZHIN DU RAB TU MI SHES SO // / +rab tu mi shes pas nyes par bshad cing nyes par bstan pa ni 'ching bar 'gyur gyi / / ","0.026#TD4093.1E.TXT.r#786487#786487#TD4093.1E.TXT.r_3271;TD4093.1E.TXT.r_3272# bde bar gyur na sems mnyam par 'jog go // / +sems MNYAM PAR GZHAG NA NI YANG DAG PA JI LTA BA BZHIN DU RAB TU SHES SHING / / ","0.027#TD4054E.TXT.r#1047231#1047231#TD4054E.TXT.r_8890;TD4054E.TXT.r_8891# dran pa nye bar gnas na sems mnyam par 'jog go // / +sems mnyam par bzhag NA YANG DAG PA JI LTA BA BZHIN DU RAB TU SHES SO ZHES bya'o // / ","0.027#TD4093.1E.TXT.r#803154#803154#TD4093.1E.TXT.r_6087;TD4093.1E.TXT.r_6088# bde bar gyur pa'i sems mnyam par 'jog par 'gyur ro // / +sems MNYAM PAR GZHAG PAS NI YANG DAG PA JI LTA BA BZHIN DU RAB TU SHES SO ZHES bya ba la sogs pa 'byung ngo // / ","0.028#TD4053E.TXT.r#3000433#3000433#TD4053E.TXT.r_4742# ro myang ba la ro myang ba dang  nyes dmigs la nyes dmigs dang  nges par 'byung ba'i bar la  nges par 'byung BAR YANG DAG PA JI LTA BA BZHIN DU RAB TU SHES SO // / ","0.028#TD4010E.TXT.r#2285374#2285374#TD4010E.TXT.r_6999# 'dod chags dang bcas pa dang  'dod chags dang bral ba dang  zhe sdang dang bcas pa dang  zhe sdang dang bral ba dang  gti mug dang bcas pa dang  gti mug dang bral ba dang  nyon mongs pa dang bcas pa dang  nyon mongs pa med pa'i sems KYANG YANG DAG PA JI LTA BA BZHIN DU RAB TU SHES  so zhes bya ba'i bar du'o // / ","0.029#TD4032E.TXT.r#1949096#1949096#TD4032E.TXT.r_4517# de'i phyir thar PA'I CHA DANG MTHUN PA BSKYED ZIN NAS DBANG PO RNAMS BSTAN NA ZHES bya  bya rgya cher smos so // / ","0.029#TD4069E.TXT.r#622327#622327#TD4069E.TXT.r_49# 'di ni sdug bsngal 'gog par 'gyur ba'i lam 'phags pa'i bden pa'o zhes bya BAR YANG DAG PA JI LTA BA BZHIN DU RAB TU SHES TE / / "
"557856","TD4027E.TXT.r_972;TD4027E.TXT.r_973"," nges par 'byed pa'i cha dang mthun pa rnams ci dbang  po'i dus la rig par bya'am / / +'on te stobs kyi dus la rig par bya zhe na / / "
"557867","TD4027E.TXT.r_974;TD4027E.TXT.r_975"," dbang po rnams dang stobs rnams la // / +des 'byed cha mthun gnyis gnyis so // / ","0.021#TD4032E.TXT.r#1949071#1949071#TD4032E.TXT.r_4512;TD4032E.TXT.r_4513# DBANG PO RNAMS DANG STOBS RNAMS LA // / +nges 'byed CHA MTHUN GNYIS GNYIS SO // / "
"557875","TD4027E.TXT.r_976;TD4027E.TXT.r_977"," dro bar gyur pa rnams dang rtse mo dag gi tshe ni dbang po rnams so // / +bzod pa dag dang 'jig rten pa'i chos kyi mchog  rnams kyi tshe ni stobs rnams so // / ","0.029#TD4049E.TXT.r#2304109#2304110#TD4049E.TXT.r_2885# bden pa myur du mngon par rtogs par byed pa dang  DRO BAR GYUR PA DANG  rtse mo dang  bzod pa dang  chos kyi mchog rnams bsgrub pa'o // / "
"557885","TD4027E.TXT.r_978;TD4027E.TXT.r_979;TD4027E.TXT.r_980"," stobs kyi 'og tu byang chub kyi yan lag rnams te / / +de dag ji ltar rnam par gzhag ce na / / +rang bzhin yan lag gnas yan lag / / "
"557896","TD4027E.TXT.r_981;TD4027E.TXT.r_982"," gsum pa nges 'byung yan lag ste // / +bzhi pa phan yon yan lag yin // / ","0.0#TD4026E.TXT.r#309311#309322#TD4026E.TXT.r_6285;TD4026E.TXT.r_6286;TD4026E.TXT.r_6287;TD4026E.TXT.r_6288;TD4026E.TXT.r_6289# zhes bya ba ni byang  chub kyi yan lag rnams rin po che dang 'dra ba nyid du mjug sdud par byed pa yin no // / +rang bzhin yan lag gnas yan lag / / +gsum PA NGES 'BYUNG YAN LAG STE // / ","0.019#TD4021E.TXT.r#2101422#2101422#TD4021E.TXT.r_304;TD4021E.TXT.r_305;TD4021E.TXT.r_306# rang bzhin yan lag gnas yan lag / / +gsum PA NGES 'BYUNG YAN LAG STE // / +bzhi PA PHAN YON TAN LAG YIN // / ","0.029#TD4020E.TXT.r#2530830#2530830#TD4020E.TXT.r_2553;TD4020E.TXT.r_2554;TD4020E.TXT.r_2555# byang chub yan lag rnams kyis bskor //// / +rang bzhin yan lag gnas yan lag / / +gsum PA NGES 'BYUNG YAN LAG STE // / "
"557904","TD4027E.TXT.r_983;TD4027E.TXT.r_984"," rnam gsum nyon mongs med yan  lag / / +mthong ba'i lam la byang chub kyi yan lag tu gyur pa dag ni byang chub kyi yan lag rnams so // / "
"557915","TD4027E.TXT.r_985;TD4027E.TXT.r_986"," de la dran pa ni byang chub kyi gnas kyi yan lag go // / +chos rnam par 'byed pa ni rang bzhin gyi yan lag go // / "
"557924","TD4027E.TXT.r_987;TD4027E.TXT.r_988"," brtson 'grus ni nges par 'byung ba'i yan lag go // / +dga' ba ni  phan yon gyi yan lag go // / ","0.018#TD4049E.TXT.r#2304151#2304161#TD4049E.TXT.r_2895;TD4049E.TXT.r_2896;TD4049E.TXT.r_2897;TD4049E.TXT.r_2898# chos rnam par 'byed pa ni ngo bo NYID KYI YAN LAG GO // / +brtson 'grus ni nges par  'byung BA'I YAN LAG GO // / "
"557933","TD4027E.TXT.r_989;TD4027E.TXT.r_990;TD4027E.TXT.r_991"," rnam pa gsum ni kun nas nyon mongs pa med pa'i yan lag ste / / +shin tu sbyangs pa dang  ting nge 'dzin dang  btang snyoms so // / +ci'i phyir kun nas nyon mongs pa med pa'i yan lag rnam pa gsum du bstan zhe na / / ","0.016#TD4053E.TXT.r#2985863#2985865#TD4053E.TXT.r_2876;TD4053E.TXT.r_2877# des sems kyi  rgyud tshim par byed pa'i phyir ro // / +shin TU SBYANGS PA DANG TING NGE 'DZIN DANG BTANG SNYOMS NI KUN NAS NYON MONGS PA MED PA'I YAN LAG STE / / ","0.018#TD4054E.TXT.r#1027982#1027984#TD4054E.TXT.r_6117;TD4054E.TXT.r_6118# des sems kyi rgyud tshim par byed pa'i phyir ro // / +shin tu sbyangs pa dang  ting nge 'dzin dang  btang snyoms NI KUN NAS NYON MONGS PA MED PA'I YAN LAG STE / / ","0.018#TD4032E.TXT.r#1949431#1949433#TD4032E.TXT.r_4573;TD4032E.TXT.r_4574;TD4032E.TXT.r_4575# des lus dang sems la phan 'dogs pa'i phyir ro // / +rnam PA GSUM NI KUN NAS NYON MONGS PA MED PA'I YAN LAG STE / / +shin TU SBYANGS PA DANG TING NGE 'DZIN DANG  btang snyoms so // / ","0.027#TD4029E.TXT.r#2157107#2157107#TD4029E.TXT.r_4804;TD4029E.TXT.r_4805# rnam par mi rtog pa'i gnas pas de la rtsol ba med par gnas par byed pa'i  phyir te zhes bya ba ni rnam par mi rtog pa'i ye shes kyi btang snyoms shes bya thams cad la phyin ci ma log pa des rgyal ba gang yin pa de la gnas par byed do // / +shin TU SBYANGS PA DANG TING NGE 'DZIN DANG BTANG SNYOMS NI KUN NAS NYON MONGS PA MED PA'I YAN LAG STE ZHES bya ba la / / "
"557947","TD4027E.TXT.r_992;TD4027E.TXT.r_993;TD4027E.TXT.r_994"," 'di la gzhi dang gnas dang ni // / +ngo bo nyid du bstan pa yin // / +kun nas nyon mongs pa ni gnas ngan len gyi rgyu las byung ba'i phyir ro // / "
"557957","TD4027E.TXT.r_995;TD4027E.TXT.r_996;TD4027E.TXT.r_997"," shin tu sbyangs pa ni kun nas nyon mongs pa med pa'i gzhi ste / / +de ni de'i gnyen po yin pa'i phyir ro // / +ting nge 'dzin ni gnas so // / "
"557966","TD4027E.TXT.r_998;TD4027E.TXT.r_999"," btang snyoms ni ngo bo nyid do // / +byang chub  kyi yan lag gi 'og tu lam gyi yan lag rnams te / / "
"557974","TD4027E.TXT.r_1000;TD4027E.TXT.r_1001;TD4027E.TXT.r_1002"," de dag ji ltar rnam par gzhag ce na / / +yongs su gcod dang go byed dang / / +rnam gsum gzhan yid ches par byed // / ","0.0#TD4021E.TXT.r#2101441#2101448#TD4021E.TXT.r_309;TD4021E.TXT.r_310;TD4021E.TXT.r_311;TD4021E.TXT.r_312;TD4021E.TXT.r_313# ngo bo nyid du bstan pa yin // / +yongs SU GCOD DANG GO BYED DANG / / +rnam GSUM GZHAN YID CHES PAR BYED // / ","0.0#TD4032E.TXT.r#1949631#1949631#TD4032E.TXT.r_4607;TD4032E.TXT.r_4608# byang chub kyi yan lag gi 'og tu lam gyi yan lag rnams te / / +de dag ji ltar  RNAM PAR GZHAG CE NA ZHES bya ba ni mthong ba'i lam gyi 'og tu bsgom pa'i lam ste / / "
"557985","TD4027E.TXT.r_1003;TD4027E.TXT.r_1004;TD4027E.TXT.r_1005"," mi mthun phyogs kyi gnyen por ni // / +lam gyi yan lag de brgyad do // / +yang dag pa'i lta ba ni  bsgom pa'i lam gyi tshe mthong ba'i lam la yongs su gcod pa'i yan lag ste / / "
"558000","TD4027E.TXT.r_1006"," 'jig rten las 'das pa'i rjes las thob pa 'jig rten pa des rang gi rtogs pa yongs su gcod do // / "
"558008","TD4027E.TXT.r_1007;TD4027E.TXT.r_1008"," yang dag pa'i rtog pa dang  yang dag pa'i ngag ni gzhan go bar byed pa'i yan lag ste / / +kun slong ba dang bcas pas ngag gi de go bar byed pa'i phyir ro // / ","0.029#TD4047E.TXT.r#1187301#1187301#TD4047E.TXT.r_9459;TD4047E.TXT.r_9460# ngag rnam par dag pa rnam pa bzhi la brten nas zhes bya bas ni 'phags pa'i tha snyad kyi rgyu gsal bar bya ba'i phyir bstan to // / +rnam pa bzhis yongs su dag pa'i ngag gi kun du spyod pa nyid la 'phags pa'i tha snyad brgyad gzhag par bya'o // / "
"558019","TD4027E.TXT.r_1009;TD4027E.TXT.r_1010;TD4027E.TXT.r_1011"," gzhan yid ches par byed pa'i yan lag ni rnam pa gsum ste / / +yang dag pa'i ngag dang  las kyi mtha' dang  'tsho ba'o // / +de dag kyang go rims bzhin du / / ","0.015#TD4032E.TXT.r#1949817#1949819#TD4032E.TXT.r_4638;TD4032E.TXT.r_4639;TD4032E.TXT.r_4640# mnyam  par gzhag pa na yang dag par rtog par byed pa'am smra ba ni ma yin no // / +gzhan YID CHES PAR BYED PA'I YAN LAG NI RNAM PA GSUM STE / / "
"558028","TD4027E.TXT.r_1012;TD4027E.TXT.r_1013;TD4027E.TXT.r_1014"," lta dang tshul khrims yo byad bsnyungs // / +gzhan  la rnam par rig byed 'dod // / +yang dag pa'i ngag gis bsnyad pa dang  'brel pa'i gtam rnam par nges pas shes rab la yid ches par 'gyur ro // / ","0.0#TD4032E.TXT.r#1949829#1949832#TD4032E.TXT.r_4641;TD4032E.TXT.r_4642;TD4032E.TXT.r_4643;TD4032E.TXT.r_4644# ji lta zhe na de'i phyir / / +de dag go rims bzhin du / / +lta DANG TSHUL KHRIMS YO BYAD  bsnyungs // / "
"558042","TD4027E.TXT.r_1015;TD4027E.TXT.r_1016;TD4027E.TXT.r_1017"," yang dag pa'i las kyi mtha' ni tshul khrims la ste / / +bya ba ma yin pa mi byed pa'i phyir ro // / +yang dag pa'i 'tsho bas  ni yo byad bsnyungs pa la ste / / "
"558050","TD4027E.TXT.r_1018;TD4027E.TXT.r_1019"," chos kyis gas la sogs pa tshod zin par tshol ba'i phyir ro // / +mi mthun pa'i phyogs kyi gnyen po'i yan lag ni rnam par gsum ste / / "
"558061","TD4027E.TXT.r_1020;TD4027E.TXT.r_1021;TD4027E.TXT.r_1022"," yang dag pa'i rtsol ba dang  dran pa dang  ting nge 'dzin to // / +de dag ni go rims bzhin du / / +nyon mongs nye ba'i nyon mongs dbang // / ","0.0#TD4021E.TXT.r#2101471#2101479#TD4021E.TXT.r_317;TD4021E.TXT.r_318;TD4021E.TXT.r_319;TD4021E.TXT.r_320;TD4021E.TXT.r_321# mi mthun phyogs kyi gnyen po'o // / +rjes su mthun la phyin ci log / / +rjes su 'brel bcas bzlog pa dang / / ","0.0#TD4032E.TXT.r#1950017#1950022#TD4032E.TXT.r_4672;TD4032E.TXT.r_4673;TD4032E.TXT.r_4674# de'i phyir de DAG NI GO RIMS BZHIN DU / / +nyon MONGS NYE BA'I NYON MONGS DBANG // / ","0.017#TD4021E.TXT.r#2101463#2101467#TD4021E.TXT.r_315;TD4021E.TXT.r_316;TD4021E.TXT.r_317# gzhan la rnam par rig byed 'dod // / +nyon MONGS NYE BA'I NYON MONGS DBANG // / "
"558073","TD4027E.TXT.r_1023;TD4027E.TXT.r_1024;TD4027E.TXT.r_1025"," mi mthun phyogs kyi gnyen po'o // / +mi mthun phyogs ni rnam pa gsum ste / / +bsgom pas spang bar bya ba'i nyon mongs pa dang  nye ba'i nyon mongs pa bying ba dang  rgod pa'i dbang gis mi mthun pa'i phyogs te / / ","0.026#TD4032E.TXT.r#1950022#1950022#TD4032E.TXT.r_4673;TD4032E.TXT.r_4674# nyon MONGS NYE BA'I NYON MONGS DBANG // / +mi MTHUN PHYOGS KYI GNYEN PO'O // / "
"558087","TD4027E.TXT.r_1026;TD4027E.TXT.r_1027;TD4027E.TXT.r_1028"," yon tan     // / +khyad par can mngon par sgrub pa'i gegs su gyur pa'o // / +de la dang po'i gnyen po ni yang dag pa'i rtsol ba ste / / ","0.023#TD4032E.TXT.r#1950031#1950031#TD4032E.TXT.r_4676# de LA DANG PO'I GNYEN PO NI YANG DAG PA'I RTSOL BA STE ZHES bya ba la / / "
"558097","TD4027E.TXT.r_1029;TD4027E.TXT.r_1030;TD4027E.TXT.r_1031"," des lam bsgom pa'i phyir ro // / +gnyis pa ni yang dag pa'i dran pa ste / / +zhi gnas la sogs pa'i rgyu rnams la dran pa shin tu nye bar  gnas pas bying ba dang rgod pa med pa'i phyir ro // / "
"558113","TD4027E.TXT.r_1032;TD4027E.TXT.r_1033"," gsum pa ni yang dag pa'i ting nge 'dzin te / / +bsam gtan la gnas nas mngon par shes pa la sogs pa yon tan mngon par bsgrub pa'i phyir ro // / ","0.013#TD4028E.TXT.r#1964790#1964790#TD4028E.TXT.r_279# dbang 'byor ba nyid thob pa'i khyad par ni sems can gyi bya  ba sgrub pa'i rten thogs pa med PA'I MNGON PAR SHES PA LA SOGS PA BSAM gyis mi khyab pa'i yon tan thob pa'i phyir ro // / ","0.027#TD4025E.TXT.r#2169135#2169135#TD4025E.TXT.r_489;TD4025E.TXT.r_490# dri ma med par chos mthun pas ni rnam pa thams cad du dri ma dang bral ba'i phyir ro // / +mthu dang ldan par chos mthun PAS NI MNGON PAR SHES PA DRUG LA SOGS PA YON TAN GYI mthu bsam gyis mi khyab pa dang ldan pa'i phyir ro // / "
"558125","TD4027E.TXT.r_1034;TD4027E.TXT.r_1035"," gnyen po bsgom pa de mdor bsu na rnam pa gsum du rig par  bya ste / / +rjes su mthun la phyin ci log // / "
"558134","TD4027E.TXT.r_1036;TD4027E.TXT.r_1037;TD4027E.TXT.r_1038"," rjes su 'brel bcas bzlog pa dang / / +phyin ci ma log phyin ci log / / +rjes su 'brel med bsgom pa'o // / "
"558145","TD4027E.TXT.r_1039"," phyin ci ma log pa'i rjes su mthun la phyin ci log pa dang  phyin ci log med la phyin ci log rjes su 'brel  pa dang  phyin ci log kyang med la phyin ci log rjes su 'brel ba yang med pa ste / / "
"558159","TD4027E.TXT.r_1040;TD4027E.TXT.r_1041;TD4027E.TXT.r_1042"," so so'i skye bo dang  slob pa dang  mi slob pa dang  go rims bzhin no // / +byang chub sems dpa' rnams kyi ni // / +dmigs dang yid la byed pa dang / / "
"558167","TD4027E.TXT.r_1043;TD4027E.TXT.r_1044"," thob pas de ni khyad  par 'phags te / / +nyan thos dang rang sangs rgyas rnams ni rang gi rgyud du gtogs pa'i lus la sogs pa la dmigs so // / "
"558178","TD4027E.TXT.r_1045;TD4027E.TXT.r_1046"," byang chub sems dpa' rnams ni bdag dang gzhan gyi rgyud du gtogs pa rnams so // / +nyan thos dang rang sangs rgyas rnams ni lus la sogs  pa mi rtag pa la sogs pa'i rnam par yid la byed do // / ","0.016#TD4032E.TXT.r#1950408#1950408#TD4032E.TXT.r_4741;TD4032E.TXT.r_4742# lus dang tshor ba dang sems dang chos rnams la dmigs so // / +byang CHUB SEMS DPA' RNAMS NI BDAG DANG GZHAN GYI RGYUD DU GTOGS PA RNAMS    so zhes bya ba ni lus dang tshor ba dang sems dang chos rnams la dmigs so // / "
"558192","TD4027E.TXT.r_1047;TD4027E.TXT.r_1048"," byang chub sems dpa' rnams ni mi dmigs pa'i tshul rnam par yid la byed do // / +nyan thos dang rang sangs rgyas rnams ni ci nas kyang lus la sogs pa dang bral bar bya ba'i phyir dran pa nye bar gzhag pa la sogs pa  bsgom mo // / "
"558209","TD4027E.TXT.r_1049;TD4027E.TXT.r_1050"," byang chub sems dpa' rnams ni 'bral bar bya ba'i phyir yang ma yin / / +mi 'bral bar bya ba'i phyir yang ma yin gyi / / ","0.019#TD4032E.TXT.r#1950519#1950519#TD4032E.TXT.r_4758;TD4032E.TXT.r_4759;TD4032E.TXT.r_4760# phung po lhag ma med pa'i mya ngan las 'das pa dang  de la dmigs pa'i nyon mongs pa spangs pa'o // / +byang CHUB SEMS DPA' RNAMS NI 'BRAL BAR BYA BA'I PHYIR YANG MA YIN / / +mi 'bral BAR BYA BA'I PHYIR YANG MA YIN TE / / "
"558217","TD4027E.TXT.r_1051;TD4027E.TXT.r_1052;TD4027E.TXT.r_1053"," ci nas kyang mi gnas pa'i mya ngan las 'das pa'i phyir bsgom mo // / +gnyen po bsgom pa bshad zin to // / +de'i gnas gang zhe na / / ","0.023#TD4009E.TXT.r#341147#341147#TD4009E.TXT.r_2777;TD4009E.TXT.r_2778;TD4009E.TXT.r_2779# gyi ; / +skyo bar bya ba'i phyir ma yin / / +'dod chags dang bral bar bya ba'i phyir ma yin / / ","0.023#TD4052E.TXT.r#2845054#2845055#TD4052E.TXT.r_389;TD4052E.TXT.r_390# ji ltar 'dzin pa'i bdag nyid du grags pa de ltar mngon par zhen pa'i    phyir yin gyi / / +yod pa'i phyir gzung ba dang 'dzin pas dben pa'i bdag nyid du ni ma yin te / / ","0.025#TD4093.1E.TXT.r#830224#830224#TD4093.1E.TXT.r_10549;TD4093.1E.TXT.r_10550# mnyam par gzhag pa nyid du mtshungs pa'i phyir bsam gtan dang po'i bar yin gyi / / +mnyam par ma bzhag pa'i phyir 'dod pa'i khams ni ma yin no // / ","0.028#TD4036E.TXT.r#3187#3187#TD4036E.TXT.r_308# mi 'tsho bas 'jigs shing skrag pa'i phyir  yin gyi bdag nyid dul bar bya ba'i phyir ma yin no // / ","0.029#TD4038.2E.TXT.r#3096205#3096206#TD4038.2E.TXT.r_614# de med na nye bar 'dogs pa yang med par 'gyur bas de'i phyir de gnyi ga yang med par thal bar 'gyur ba dang  nye bar 'dogs pa mang ba'i phyir dang  sna tshogs pa'i phyir bdag nyid mang po nyid dang  gzhan gyi dbang du 'gyur ba'i skyon du  yang 'gyur ro // / "
"558227","TD4027E.TXT.r_1054;TD4027E.TXT.r_1055;TD4027E.TXT.r_1056"," rgyu yi gnas dang zhugs pa dang / / +sbyor dang 'bras bu brjod pa dang / / +bya dang bya med khyad par dang / / ","0.0#TD4021E.TXT.r#2101493#2101495#TD4021E.TXT.r_325;TD4021E.TXT.r_326;TD4021E.TXT.r_327# RGYU YI GNAS DANG ZHUGS PA DANG / / +sbyor DANG 'BRAS BU BRJOD PA DANG / / "
"558237","TD4027E.TXT.r_1057;TD4027E.TXT.r_1058;TD4027E.TXT.r_1059"," de ni bla ma bla na med // / +mos pa dang ni 'jug pa dang / / +nges par 'byung dang lung bstan dang / / ","0.0#TD4021E.TXT.r#2101504#2101514#TD4021E.TXT.r_328;TD4021E.TXT.r_329;TD4021E.TXT.r_330;TD4021E.TXT.r_331;TD4021E.TXT.r_332;TD4021E.TXT.r_333# de ni bla  MA BLA NA MED // / +mos PA DANG NI 'JUG PA DANG / / +nges PAR 'BYUNG DANG LUNG BSTAN DANG / / "
"558246","TD4027E.TXT.r_1060;TD4027E.TXT.r_1061;TD4027E.TXT.r_1062"," brjod pa dang ni dbang bskur dang / / +phyin pa dang ni phan yon  dang / / +bya ba bsgrub pa bstan pa'o // / "
"558255","TD4027E.TXT.r_1063;TD4027E.TXT.r_1064"," de la rgyu'i gnas ni gang rigs la gnas pa'i gang zag go // / +zhugs pa'i gnas ni sems bskyed pa'o // / ","0.029#TD4009E.TXT.r#322990#322990#TD4009E.TXT.r_422# lhag pa'i  bsam pas ma yin zhas bya ba ni rang bzhin ma yin pa'i rjes su zhugs pas chos smra ba'i gang zag rnams kyi gsang ba'i gnas rnam par 'byed pas sbyor ba ste / / "
"558263","TD4027E.TXT.r_1065"," sbyor ba'i gnas ni sems bskyed nas 'bras bu ma thob tshun chad do // / ","5.960#TD4032E.TXT.r#1950795#1950798#TD4032E.TXT.r_4803# de'i phyir SBYOR BA'I GNAS NI SEMS BSKYED NAS 'BRAS BU MA THOB TSHUN CHAD DO ZHES bya ba ste / / "
"558272","TD4027E.TXT.r_1066;TD4027E.TXT.r_1067;TD4027E.TXT.r_1068"," 'bras bu'i gnas ni thob pa'o // / +bya ba bcas  pa'i gnas ni slob pa'o // / +bya ba med pa'i gnas ni mi slob pa'o // / ","0.027#TD4032E.TXT.r#1950881#1950881#TD4032E.TXT.r_4814;TD4032E.TXT.r_4815# 'bras bu gzhan thob par bya ba med pa'i phyir bya BA MED PA'I GNAS SO // / +khyad par gyi gnas ni mngon par shes pa la sogs pa yon tan gyi khyad par gyi khyad par dang ldan pa'o zhes bya ba ni dgra bcom par mtshungs pa las mngon par shes pa la  sogs pa yon tan gyi khyad par rnams dang ldan pas / / ","0.029#TD4032E.TXT.r#1950863#1950863#TD4032E.TXT.r_4810;TD4032E.TXT.r_4811# de bas na sbyor ba'i 'og tu 'bras bu'i gnas so // / +bya BA MED PA'I GNAS NI MI SLOB PA'O ZHES bya ba'o // / "
"558283","TD4027E.TXT.r_1069"," khyad par gyi gnas ni mngon par shes pa la sogs pa'i yon tan gyi khyad par dang ldan pa'o // / ","0.023#TD4032E.TXT.r#1950884#1950889#TD4032E.TXT.r_4814;TD4032E.TXT.r_4815# 'bras bu gzhan thob par bya ba med pa'i phyir bya ba med pa'i gnas so // / +khyad PAR GYI GNAS NI MNGON PAR SHES PA LA SOGS PA YON TAN GYI KHYAD PAR GYI KHYAD PAR DANG LDAN PA'O ZHES bya ba ni dgra bcom par mtshungs pa LAS MNGON PAR SHES PA LA  SOGS PA YON TAN GYI KHYAD PAR RNAMS dang ldan pas / / ","0.026#TD4032E.TXT.r#1950909#1950910#TD4032E.TXT.r_4816# gzhan las khyad zhugs PAR MNGON PAR SHES PA LA SOGS PA YON TAN GYI KHYAD PAR bsgrub pa'i gnas la KHYAD PAR GYI GNAS ZHES bya'o // / "
"558292","TD4027E.TXT.r_1070;TD4027E.TXT.r_1071"," bla ma'i gnas ni nyan thos la sogs pa bas sar zhugs pa'i byang chub sems dpa'o // / +bla na med pa'i  gnas ni sangs rgyas te / / "
"558302","TD4027E.TXT.r_1072;TD4027E.TXT.r_1073"," de'i gong na gnas med pa'i phyir ro // / +mos pa'i gnas ni byang chub sems dpa' rnams kyi mos pas spyod pa'i sa thams cad do // / "
"558311","TD4027E.TXT.r_1074;TD4027E.TXT.r_1075"," 'jug pa'i gnas ni sa dang po'o // / +nges par 'byung ba'i gnas ni de'i gong mas drug po dag go // / ","0.027#TD4041E.TXT.r#1274021#1274021#TD4041E.TXT.r_781# dgra bcom pa dang zag pa zad pa zhes rgyas par 'byung ba dang  shin tu mthar thug pa zhes bya ba rgyas par 'byung ba dang   gtan pa med pa dang  'obs bor ba dang  'obs las yang dag par rgal ba zhes rgyas par 'byung ba dang  yan lag lnga spangs pa dang  yan lag drug dang ldan pa zhes rgyas par 'byung ba dang  rgyun du zhugs pa dang rnam par mi ltung ba'i chos can dang nges par rdzogs par byang chub tu 'gro ba  zhes rgyas par 'byung ba 'di dag thams cad ni gzhi bsdu bar rang gi gnas nas bshad par rig par bya'o // / "
"558319","TD4027E.TXT.r_1076;TD4027E.TXT.r_1077"," lung  bstan pa'i gnas ni sa brgyad pa'o // / +brjod pa'i gnas ni sa dgu pa'o // / "
"558328","TD4027E.TXT.r_1078;TD4027E.TXT.r_1079"," dbang bskur ba'i gnas ni sa bcu pa'o // / +phyin pa'i gnas ni sangs rgyas kyi chos kyi sku'o // / "
"558336","TD4027E.TXT.r_1080;TD4027E.TXT.r_1081"," phan yon gyi gnas ni longs spyod rdzogs pa'i sku'o // / +bya ba sgrub pa'i gnas ni sprul  pa'i sku'o // / ","0.016#TD4032E.TXT.r#1951254#1951254#TD4032E.TXT.r_4856;TD4032E.TXT.r_4857# sku de mthar phyin pa'i byang chub sems dpa' rnams dang lhan cig tu 'khor gyi dkyil 'khor rnams ni chos kyi 'gro ba myong bar 'gyur ba DE NI LONGS SPYOD RDZOGS PA'I SKU'O //// / +bya BA SGRUB PA'I GNAS NI SPRUL PA'I SKU'O ZHES bya ba ni ngo bo nyid kyi sku la brten nas sems can gyi bsam pa la gzigs te / / "
"558345","TD4027E.TXT.r_1082;TD4027E.TXT.r_1083"," gnas rnam pa mang po 'di dag thams cad kyang mdor bsdu na / / +chos kyi dbyangs la rnam gsum ste // / ","0.024#TD4032E.TXT.r#1951276#1951276#TD4032E.TXT.r_4858;TD4032E.TXT.r_4859# 'dul ba'i phyir bya ba la zhugs pa dang rab tu dbye ba mtha' yas pa ni sprul pa'i sku'o // / +gnas RNAM PA MANG PO 'DI THAMS cad kyang mdor  bsdu na chos kyi dbyings la rnam pa gsum ste zhes bya bar rig par bya'o // / "
"558355","TD4027E.TXT.r_1084;TD4027E.TXT.r_1085;TD4027E.TXT.r_1086;TD4027E.TXT.r_1087"," zhes bya bar rig par bya ste / / +ma dag ma dag dag pa dang / / +rnam par dag par ci rigs sbyar // / +de la ma dag pa'i gnas ni rgyu'i gnas nas  nye bar bzung ste / / ","0.023#TD4032E.TXT.r#1951297#1951299#TD4032E.TXT.r_4863;TD4032E.TXT.r_4864# zhes bya ba gsungs so // / +de LA MA DAG PA'I GNAS NI RGYU'I GNAS NAS NYE BAR BZUNG STE sbyor ba'i bar du'o zhes bya ba ni rgyu dang  zhugs pa dang sbyor ba dang mos pa'i gnas rnams bzung ngo // / "
"558368","TD4027E.TXT.r_1088;TD4027E.TXT.r_1089;TD4027E.TXT.r_1090"," sbyor ba pa'i bar du'o // / +ma dag pa dang dag gnas ni slob pa rnams so // / +rnam par dag pa'i gnas ni mi slob pa rnams so // / "
"558376","TD4027E.TXT.r_1091;TD4027E.TXT.r_1092;TD4027E.TXT.r_1093"," 'di las ji ltar 'os 'os su // / +gang zag rnam par gzhag par 'dod // / +gnas rab tu dbye ba 'di las     // / ","0.0#TD4021E.TXT.r#2101527#2101541#TD4021E.TXT.r_336;TD4021E.TXT.r_337;TD4021E.TXT.r_338;TD4021E.TXT.r_339;TD4021E.TXT.r_340;TD4021E.TXT.r_341;TD4021E.TXT.r_342# rnam par dag par ci rigs sbyar // / +'di LAS JI LTAR 'OS 'OS SU // / +gang ZAG RNAM PAR GZHAG PAR 'DOD // / ","0.019#TD4032E.TXT.r#1951391#1951392#TD4032E.TXT.r_4871;TD4032E.TXT.r_4872;TD4032E.TXT.r_4873# de dag GI RNAM PAR GZHAG PA rnam pa mang po de ji ltar rnam par rig par bya zhe na de'i phyir / / +'di LAS JI LTAR 'OS 'OS SU // / +gang zag PA RNAM PAR GZHAG PAR  'dod // / "
"558386","TD4027E.TXT.r_1094;TD4027E.TXT.r_1095;TD4027E.TXT.r_1096"," ci rigs par gang zag rnams rnam par gzhag par rig par bya ste / / +'di ni rigs la gnas pa'o // / +'di ni zhugs pa'o zhes bya ba la sogs pa'o // / "
"558396","TD4027E.TXT.r_1097;TD4027E.TXT.r_1098;TD4027E.TXT.r_1099"," gnas bshad zin to // / +'bras bu thob pa gang zhe na / / +snod gyur rnam par smin brjod dang / / "
"558407","TD4027E.TXT.r_1100;TD4027E.TXT.r_1101;TD4027E.TXT.r_1102"," de yi dbang gis  stobs dang ni // / +'dod dang 'phel dang rnam dag ste // / +de dag 'bras bu go rims bzhin // / "
"558416","TD4027E.TXT.r_1103;TD4027E.TXT.r_1104"," snod du gyur pa de ni gang dge ba dang rjes su mthun pa'i rnam par smin pa'o // / +stobs ni gang snod du gyur pa'i dbang gis dge ba shas cher gyur pa'o // / ","0.025#TD4032E.TXT.r#1951612#1951615#TD4032E.TXT.r_4918;TD4032E.TXT.r_4919;TD4032E.TXT.r_4920# 'di dag ni 'bras bu rnam pa lnga dang go rims bzhin te zhes bya ba LA RNAM PAR SMIN PA'I 'bras BU NI GANG DGE BA'I chos dang MTHUN PAR RNAM PAR SMIN PA'O // / +bdag po'i 'bras bu ni gang  SNOD DU GYUR PA'I DBANG GIS DGE BA SHAS CHER GYUR PA'O // / "
"558428","TD4027E.TXT.r_1105;TD4027E.TXT.r_1106"," 'dod pa ni sngon goms par byas  pas dge ba 'dod pa'o // / +'phel ba ni gang da ltar byung ba na dge ba'i chos la goms par byas pas dge ba'i rtsa ba rgyas pa'o // / ","0.026#TD4032E.TXT.r#1951539#1951539#TD4032E.TXT.r_4908;TD4032E.TXT.r_4909# da ltar gyi TSHE DGE BA'I CHOS LA SEMS PA gang yin PA DE NI 'DOD PA'O // / +'phel BA NI GANG DA LTAR BYUNG BA DGE BA'I CHOS LA GOMS PAR BYAS PAS SNGON med pa'i dge ba'i chos khyad par can skye ba ste / / "
"558442","TD4027E.TXT.r_1107;TD4027E.TXT.r_1108"," rnam par dag pa ni gang sgrib pa spangs pa'o // / +'di dag ni 'bras bu rnam pa lnga dang go rims bzhin te / / ","0.019#TD4032E.TXT.r#1951601#1951602#TD4032E.TXT.r_4918# 'di DAG NI 'BRAS BU RNAM PA LNGA DANG GO RIMS BZHIN TE ZHES bya ba la rnam par smin pa'i 'bras bu ni gang dge ba'i chos dang mthun par rnam par smin pa'o // / "
"558451","TD4027E.TXT.r_1109"," rnam par smin pa'i 'bras bu dang   bdag po'i 'bras bu dang  rgyu mthun pa'i 'bras bu dang  skyes bu byed pa'i 'bras bu dang  bral ba'i 'bras bu'o // / ","0.0#TD4049E.TXT.r#2309794#2309799#TD4049E.TXT.r_3769;TD4049E.TXT.r_3770# rgyu'i don ni skye ba dang  'byung ba dang  'grub pa'i rgyu'o // / +'bras bu'i don ni RNAM PAR SMIN PA'I 'BRAS BU DANG  RGYU MTHUN PA'I 'BRAS BU DANG  BDAG PO'I 'BRAS BU DANG  SKYES BU BYED PA'I 'BRAS BU DANG  bral ba'i  'bras bu'o // / ","0.014#TD4054E.TXT.r#1046709#1046715#TD4054E.TXT.r_8810;TD4054E.TXT.r_8811# RNAM PAR SMIN PA'I 'BRAS BU DANG  RGYU MTHUN PA'I 'BRAS BU DANG  BDAG PO'I 'BRAS BU DANG  RGYU MTHUN PA'I 'BRAS BU DANG  BDAG PO'I 'BRAS BU DANG  SKYES BU BYED PA'I 'BRAS BU DANG  bral ba'i    'bras bu'o // / ","0.019#TD4093.2E.TXT.r#2004871#2004871#TD4093.2E.TXT.r_3933# bsgom pas spang ba'i sems ni spang bar bya ba ma yin pa'i las kyi mjug thogs su 'byung bas  SKYES BU BYED PA'I 'BRAS BU YANG bsgom pas spang bar bya ba yin no // / ","0.020#TD4093.1E.TXT.r#848817#848817#TD4093.1E.TXT.r_13511;TD4093.1E.TXT.r_13512# skyes bu byed PA DANG BDAG PO'I 'BRAS BU DAG la tha dad du bya ba ci yod ce na zhes bya ba ni de nyid DE'I SKYES BU BYED PA'I 'BRAS BU DANG BDAG PO'I 'BRAS BUR rnam par gzhag pa'i phyir 'dri ba'o // / +SKYES BU BYED PA'I 'BRAS BU NI byed pa po'i yin no zhes bya ba la / / ","0.020#TD4069E.TXT.r#675166#675168#TD4069E.TXT.r_7335;TD4069E.TXT.r_7336# dge ba'i 'bras bu ni rnam pa lnga ste / / +rnam PAR SMIN PA'I 'BRAS BU DANG  RGYU MTHUN PA'I 'BRAS BU DANG  SKYES BU'I BYED PA'I 'BRAS BU DANG  BDAG PO'I 'BRAS BU DANG  BRAL BA'I 'BRAS BU'O // / ","0.022#TD4035E.TXT.r#141883#141883#TD4035E.TXT.r_2891# RNAM PAR SMIN PA'I 'BRAS BU  dang  RGYU MTHUN PA'I 'BRAS BU DANG  BRAL BA'I 'BRAS BU DANG  SKYES BU BYED PA'I 'BRAS BU DANG  BDAG PO'I 'BRAS BU'O // / ","0.022#TD4037E.TXT.r#1332283#1332284#TD4037E.TXT.r_2259# RNAM PAR SMIN PA'I 'BRAS BU DANG  RGYU MTHUN PA'I 'BRAS BU DANG  BRAL BA'I 'BRAS BU DANG  SKYES BU BYED PA'I 'BRAS BU DANG  BDAG PO'I 'BRAS BU'O // / ","0.022#TD4032E.TXT.r#1952481#1952481#TD4032E.TXT.r_5061;TD4032E.TXT.r_5062# BDAG PO'I 'BRAS BU DANG      // / +rgyu MTHUN PA'I 'BRAS BU DANG  SKYES BU BYED PA'I 'BRAS BU DANG  BRAL BA'I 'BRAS BU'O // / ","0.023#TD4098E.TXT.r#1396097#1396098#TD4098E.TXT.r_992# SKYES BU'I BYED PA'I 'BRAS BU DANG  RGYU MTHUN PA'I 'BRAS BU DANG  RNAM PAR SMIN PA'I 'BRAS BU DANG  BDAG PO'I 'BRAS BU DANG  BRAL BA'I 'BRAS BU'O // / ","0.024#TD4093.1E.TXT.r#848644#848645#TD4093.1E.TXT.r_13486;TD4093.1E.TXT.r_13487# dper na 'dod pa na spyod pa'i 'chi ba'i  sems dge ba dang lung du ma bstan pa las gzugs na spyod pa'i srid pa bar ma do'i skad cig ma dang po lta bu'o // / +skyes bu byed pas thob PA'I 'BRAS BU NI SKYES BU BYED PA'I 'BRAS BU YIN la / / ","0.025#TD4093.2E.TXT.r#2003609#2003610#TD4093.2E.TXT.r_3693# bdag  po'i 'bras bu dang  SKYES BU BYED PA'I 'BRAS BU DANG  RGYU MTHUN PA'I 'BRAS BU DANG  RNAM PAR SMIN PA'I 'BRAS BU DANG  BRAL BA'I 'BRAS BU'O // / ","0.025#TD4092.2E.TXT.r#2558789#2558789#TD4092.2E.TXT.r_2724# gong du 'bras bu lnga bshad pa gang dag yin pa zhes bya BA NI BDAG PO'I 'BRAS BU DANG  SKYAS BU BYED PA'I 'BRAS BU DANG  RGYU MTHUN PA'I 'BRAS BU DANG  RNAM PAR SMIN PA'I 'BRAS BU DANG BRAL BA'I 'BRAS BU'O // / "
"558459","TD4027E.TXT.r_1110;TD4027E.TXT.r_1111;TD4027E.TXT.r_1112"," phyi ma phyi ma thog ma dang / / +de goms byas dang rdzogs pa'o // / +rjes su mthun dang mi mthun phyogs // / ","0.0#TD4021E.TXT.r#2101549#2101559#TD4021E.TXT.r_343;TD4021E.TXT.r_344;TD4021E.TXT.r_345;TD4021E.TXT.r_346;TD4021E.TXT.r_347;TD4021E.TXT.r_348# phyi  MA PHYI MA THOG MA DANG / / +de GOMS BYAS DANG RDZOGS PA'O // / "
"558468","TD4027E.TXT.r_1113;TD4027E.TXT.r_1114;TD4027E.TXT.r_1115"," bral ba dang ni khyad par dang / / +bla ma dang ni  bla na med // / +'bras bu gzhan te mdor bsdus pa'o // / "
"558476","TD4027E.TXT.r_1116"," phyi ma phyi ma'i 'bras bu ni rigs las sems bskyed pa zhes bya ba de lta bu la sogs pa'o // / "
"558484","TD4027E.TXT.r_1117;TD4027E.TXT.r_1118"," gcig nas gcig tu brgyud par rig par bya'o // / +thog ma'i 'bras bu ni dang por 'jig rten las 'das pa'i chos  thob pa'o // / ","0.014#TD4032E.TXT.r#1951666#1951667#TD4032E.TXT.r_4926;TD4032E.TXT.r_4927;TD4032E.TXT.r_4928# gnas gcig  NAS GCIG TU BRGYUD PA zhes ji skad du bshad pas / / +rig par bya'o // / +thog MA'I 'BRAS BU NI DANG POR 'JIG RTEN LAS 'DAS PA'I CHOS THOB PA'O ZHES bya ba ni / / ","0.021#TD4032E.TXT.r#1952193#1952194#TD4032E.TXT.r_5020;TD4032E.TXT.r_5021# gnas GCIG NAS GCIG TU BRGYUD PA zhes ji skad du bshad PAS RIG PAR BYA'O // / +thog MA'I 'BRAS BU NI DANG POR 'JIG RTEN LAS 'DAS PA'I CHOS THOB PA'O ZHES bya  ba ni mthong ba'i lam thob pa'o // / ","0.024#TD4029E.TXT.r#2152967#2152967#TD4029E.TXT.r_4254# chos la brten pa'i zhes bya ba ni ji skad bshad PA'I 'BRAS BU LNGA DANG ldan pa'i snying rje'i chos la brten pa'i zhes bya ba'i tha  tshig go // / ","0.026#TD4032E.TXT.r#1920943#1920943#TD4032E.TXT.r_205;TD4032E.TXT.r_206# de'i 'og TU 'JIG RTEN LAS 'DAS PA'I CHOS MNGON du gyur pa ni 'bras bu rnams te / / +rgyun du zhugs pa'i 'bras bu la sogs PAR SHES PAR BYA'O // / ","0.028#TD4092.2E.TXT.r#2610322#2610322#TD4092.2E.TXT.r_9244;TD4092.2E.TXT.r_9245;TD4092.2E.TXT.r_9246# ci'i phyir 'bras bu dang po las yongs su nyams pa med ces bya ba ni gang gi 'bras bu dang po gang yin pa de ste / / +rgyun du zhugs pa'i 'bras bu'am / / +lan cig phyir 'ong ba'i 'bras bu'am / / "
"558493","TD4027E.TXT.r_1119;TD4027E.TXT.r_1120"," goms par byas pa'i 'bras bu ni de'i pha rol slob pa'i gnas so // / +rdzogs pa'i 'bras bu ni mi slob pa'i chos rnams so // / ","0.027#TD4032E.TXT.r#1920943#1920943#TD4032E.TXT.r_205;TD4032E.TXT.r_206# de'i 'og tu 'jig rten las 'das pa'i chos mngon du gyur pa ni 'bras bu rnams te / / +rgyun du zhugs pa'i 'bras bu la sogs par shes par bya'o // / "
"558502","TD4027E.TXT.r_1121;TD4027E.TXT.r_1122"," rjes su mthun pa'i 'bras bu ni rgyu'i dngos pos phyi ma 'bras bu nyid du rig par bya'o // / +mi mthun pa'i phyogs kyi 'bras  bu ni spong ba'i lam ste / / ","0.014#TD4032E.TXT.r#1951757#1951758#TD4032E.TXT.r_4939;TD4032E.TXT.r_4940;TD4032E.TXT.r_4941# sogs pa so sor smos pa ni bstan pa dang bshad par rim BZHIN DU RIG PAR BYA'O // / +mi MTHUN PA'I PHYOGS KYI 'BRAS BU NI SPONG BA'I LAM STE / / +thog ma'i 'bras bu gang yin pa de nyid de / / ","0.014#TD4032E.TXT.r#1952282#1952283#TD4032E.TXT.r_5029;TD4032E.TXT.r_5030;TD4032E.TXT.r_5031# phyi MA PHYI MA 'BRAS BU LA sogs pa dang  RJES SU MTHUN PA'I 'BRAS BU LA sogs pa so sor smos pa ni bstan pa dang bshad par rim BZHIN DU RIG PAR BYA'O // / +mi mthun pa'i phyogs  KYI 'BRAS BU NI SPONG BA'I LAM STE / / +thog ma'i 'bras bu gang yin pa nyid mi MTHUN PA'I PHYOGS NYID 'BRAS BU YIN pas na mi MTHUN PA'I PHYOGS KYI 'BRAS BU STE / / ","0.028#TD4032E.TXT.r#1952534#1952535#TD4032E.TXT.r_5071;TD4032E.TXT.r_5072# RJES SU MTHUN PA'I 'BRAS BU NI PHYI ma phyi ma 'bras bu'i bshad pa'o // / +mi MTHUN PA'I PHYOGS KYI 'BRAS BU NI / / "
"558512","TD4027E.TXT.r_1123;TD4027E.TXT.r_1124;TD4027E.TXT.r_1125"," thog ma'i 'bras bu gang yin pa de nyid de / / +de ni mi mthun pa'i phyogs gnyen po la bya bar 'dod do // / +bral ba'i 'bras bu ni goms par byas pa'i 'bras bu dang rdzogs pa'i 'bras bu ste / / ","0.025#TD4032E.TXT.r#1951805#1951806#TD4032E.TXT.r_4951;TD4032E.TXT.r_4952# bral BA'I 'BRAS BU NI GOMS PAR BYAS PA'I 'BRAS BU DANG RDZOGS PA'I 'BRAS BU STE / / +nyon mongs pa dang bral ba ni slob pa dang  mi slob pa dang  rim bzhin no zhes bya BA LA GOMS PAS BYAS PA'I 'BRAS BU BRAL ba ni lan cig phyir 'ong ba'i 'bras bu la zhugs pa la sogs pa slob pa lnga rnams te / / ","0.025#TD4032E.TXT.r#1952331#1952332#TD4032E.TXT.r_5037;TD4032E.TXT.r_5038# bral BA'I 'BRAS BU NI GOMS PAR BYAS PA'I 'BRAS BU DANG RDZOGS PA'I 'BRAS BU STE / / +nyon mongs pa dang bral ba ni slob pa dang mi slob pa dang  rim bzhin no zhes bya ba la / / "
"558524","TD4027E.TXT.r_1126;TD4027E.TXT.r_1127"," nyon mongs pa dang bral bar ni slob pa dang mi slob pa dang go    rims bzhin no // / +khyad par gyi 'bras bu ni mngon par shes pa la sogs pa yon tan gyi khyad par ro // / ","1.192#TD4032E.TXT.r#1952374#1952376#TD4032E.TXT.r_5045;TD4032E.TXT.r_5046# 'dir ni ma phye ba STE KHYAD PAR RO // / +khyad PAR GYI 'BRAS BU NI MNGON PAR SHES PA LA SOGS PA YON TAN GYI KHYAD PAR RO ZHES bya ba 'di yang goms par byas pa dang rdzogs pa'i 'bras bu'i khyad par nyid du rig par bya'o // / ","0.012#TD4032E.TXT.r#1951848#1951849#TD4032E.TXT.r_4957;TD4032E.TXT.r_4958# 'dir ni ma phye ba STE KHYAD PAR RO // / +khyad PAR GYI 'BRAS BU NI MNGON PAR SHES PA LA  SOGS PA YON TAN GYI KHYAD PAR RO ZHES bya ba 'di la yang goms par byas pa dang  rdzogs pa'i 'bras bu'i khyad par nyid du rig par bya'o // / "
"558538","TD4027E.TXT.r_1128;TD4027E.TXT.r_1129"," bla ma'i 'bras bu ni byang chub sems dpa'i sa rnams te / / +de ma yin pa'i theg pa las bla mar gyur pa'i phyir ro // / "
"558546","TD4027E.TXT.r_1130;TD4027E.TXT.r_1131"," bla na med pa'i 'bras bu ni sangs rgyas kyi sa'o // / +bzhi po 'di dag ni goms par byas pa dang  rdzogs pa'i 'bras bu'i rab tu dbye ba nyid do // / "
"558556","TD4027E.TXT.r_1132;TD4027E.TXT.r_1133"," 'bras bu gzhan 'di dag ni mdor bstan pa ste / / +rgyas par bya ba dpag tu med do // / "
"558564","TD4027E.TXT.r_1134"," de la gnyen po sgom pa'i don bsdus pa ni byang bar bya ba'i sgom pa dang  bsrabs pa'i sgom pa  dang ; / ","1.192#TD4048E.TXT.r#1693727#1693732#TD4048E.TXT.r_1406;TD4048E.TXT.r_1407# 'di  lta ste ; / +'dres par sgom pa dang  mtshan ma med par sgom pa dang  lhun gyis grub par sgom pa dang  'bar bar sgom pa dang  chog par mi 'dzin par sgom pas so // / ","0.017#TD4034.2E.TXT.r#2904288#2904288#TD4034.2E.TXT.r_5086;TD4034.2E.TXT.r_5087# byang chub sems dpa' rnams NI BRAL BAR BYA BA'I phyir sgom pa yang ma yin te / / +mi 'bral bar bya ba'i phyir sgom pa yang ma yin pas thob pa'i rnam pas khyad zhugs  so ; / / "
"558574","TD4027E.TXT.r_1135"," yongs su sbyang bar bya ba'i sgom pa dang  gong ma yang dag par rtsom pa'i sgom pa dang  mthong ba'i lam dang 'dre ba'i phyir 'dre ba'i sgom pa dang  zhugs pa'i sgom pa dang  mchog gi sgom pa dang  thog ma'i sgom pa dang  bar ma'i sgom pa dang   mtha'i sgom pa dang  bla ma dang bcas pa'i sgom pa dang  bla na med pa'i sgom pa ste / / ","0.014#TD4048E.TXT.r#1693728#1693732#TD4048E.TXT.r_1407# 'dres par sgom pa dang  mtshan MA MED PAR SGOM PA dang  lhun gyis grub par sgom pa dang  'bar bar sgom pa dang  chog par mi 'dzin par sgom pas so // / "
"558601","TD4027E.TXT.r_1136;TD4027E.TXT.r_1137"," gang dmigs pa dang  yid la byed pa dang  thob pa khyad par du 'phags pa'o // / +gnas rnams kyi don bsdus pa ni rigs la gnas pa'i skal pa yod pa'i gnas dang   sems bskyed nas bzung ste / / "
"558616","TD4027E.TXT.r_1138"," sbyor ba'i bar du rtsom pa'i gnas dang  ma dag pa dag pa'i gnas dang  shin tu dag pa'i gnas dang  rgyan dang bcas pa'i gnas dang  sa bcu khyab pa'i phyir khyad par bya ba'i gnas dang  bla na med pa'i gnas so // / "
"558637","TD4027E.TXT.r_1139"," 'bras  bu rnams kyi don bsdus pa ni bsdus pa dang  de'i bye brag dang  sngon goms par byas pa dang  gong nas gong du bsgrub pa dang  bstan pa dang  bshad pa'o // / ","0.009#TD4032E.TXT.r#1952161#1952165#TD4032E.TXT.r_5017# 'bras BU RNAMS KYI DON BSDUS PA NI BSDUS PA DANG DE'I BYE BRAG DANG  SNGON GOMS PAR BYAS PA DANG  GONG NAS GONG DU SGRUB PA DANG  bstan pa dang  bshad pa'o zhes bya ba 'di dag ni bshad pa byed pa nyid kyis bshad pa ste / / "
"558648","TD4027E.TXT.r_1140;TD4027E.TXT.r_1141;TD4027E.TXT.r_1142"," de la bsdus pa ni 'bras bu lnga'o // / +de'i bye brag ni lhag ma rnams so // / +sngon goms par byas pa ni  rnam par smin pa'i 'bras bu'o // / "
"558658","TD4027E.TXT.r_1143;TD4027E.TXT.r_1144"," de gong nas gong du bsgrub pa ni de ma yin pa gzhan bzhi'o // / +bstan pa ni phyi ma phyi ma'i 'bras bu la sogs pa bzhi'o // / "
"558668","TD4027E.TXT.r_1145;TD4027E.TXT.r_1146"," bshad pa ni rjes su mthun pa'i 'bras bu la sogs pa drug ste / / +de dag nyid bshad pa'i phyir ro // / ","0.027#TD4032E.TXT.r#1952522#1952523#TD4032E.TXT.r_5068;TD4032E.TXT.r_5069;TD4032E.TXT.r_5070# bstan pa ni phyi ma phyi MA 'BRAS BU LA SOGS pa bzhi'o zhes bya ba ni phyi ma phyi ma 'bras bu dang  thog ma'i 'bras bu dang  goms par byas pa'i 'bras bu dang  rdzogs pa'i  'bras bu'o // / +bshad PA NI RJES SU MTHUN PA'I 'BRAS BU LA SOGS PA DRUG STE / / "
"558676","TD4027E.TXT.r_1147;TD4027E.TXT.r_1148"," bstan     // / +bcos dbus dang mtha' rnam par 'byed pa las gnyen po bsgom pa zhes bya ba'i le'ur bcad pa bzhi ba'i 'grel pa'o //// / ","5.960#TD4032E.TXT.r#1937706#1937709#TD4032E.TXT.r_2840# bstan bcos DBUS DANG MTHA' RNAM PAR 'BYED PA LAS sgrib pa'i  le'ur bcad pa ste gnyis pa'i 'grel bshad do //// / ","5.960#TD4032E.TXT.r#1952584#1952591#TD4032E.TXT.r_5079;TD4032E.TXT.r_5080# bla na med pa'i 'bras bu ni rdzogs pa'i 'bras bu'i bshad pa'o zhe'o // / +bstan  bcos DBUS DANG MTHA' RNAM PAR 'BYED PA LAS GNYEN PO BSGOM PA'I le'ur bcad pa ste bzhi pa'i 'grel bshad do //// / ","0.014#TD4027E.TXT.r#554297#554297#TD4027E.TXT.r_304# bstan  bcos DBUS DANG MTHA' RNAM PAR 'BYED PA LAS mtshan nyid kyi le'ur bcad pa zhes bya ba ste dang po'i 'grel pa'o //// / ","0.014#TD4027E.TXT.r#555650#555655#TD4027E.TXT.r_559# bstan bcos DBUS DANG MTHA' RNAM PAR 'BYED PA LAS sgrib PA'I LE'UR BCAD PA ZHES bya ba gnyis pa'i 'grel pa'o //// / ","0.014#TD4027E.TXT.r#557382#557387#TD4027E.TXT.r_879# bstan bcos DBUS DANG MTHA' RNAM PAR 'BYED PA LAS DE  kho NA ZHES BYA BA'I LE'UR BCAD PA GSUM pa'i 'grel pa'o //// / ","0.019#TD4021E.TXT.r#2100995#2100997#TD4021E.TXT.r_177;TD4021E.TXT.r_178# bstan bcos DBUS DANG MTHA' RNAM PAR 'BYED PA LAS / / +sgrib PA'I LE'UR BCAD PA ZHES bya ba ste gnyis pa'o //// / ","0.027#TD4032E.TXT.r#1946960#1946960#TD4032E.TXT.r_4194# bstan bcos DBUS DANG MTHA' RNAM PAR 'BYED PA LAS DE KHO NA'I LE'UR BCAD PA ste gsum pa'i 'grel bshad do //// / "
"558690","TD4027E.TXT.r_1149;TD4027E.TXT.r_1150"," da ni theg pa bla na med pa bshad dgos pas de brjod do // / +bla med nyid ni sgrub pa dang / / "
"558699","TD4027E.TXT.r_1151;TD4027E.TXT.r_1152;TD4027E.TXT.r_1153"," dmigs pa dang ni yang dag 'grub // / +bstan pa  yin par 'dod pa'o // / +theg pa chen po bla na med pa nyid rnam pa gsum ste / / ","0.0#TD4021E.TXT.r#2101578#2101579#TD4021E.TXT.r_350;TD4021E.TXT.r_351;TD4021E.TXT.r_352;TD4021E.TXT.r_353# gnyen  po bsgom pa'i le'ur bcad pa zhes bya ste bzhi pa'o //// / +bla med nyid ni sgrub pa dang / / +dmigs PA DANG NI YANG DAG 'GRUB // / "
"558707","TD4027E.TXT.r_1154;TD4027E.TXT.r_1155"," des bla na med pa nyid du 'gyur ro // / +sgrub pa bla na med pa nyid dang  dmigs pa bla na med pa nyid dang  yang dag par 'grub pa bla na med pa nyid do // / ","0.028#TD4032E.TXT.r#1952996#1952996#TD4032E.TXT.r_5144;TD4032E.TXT.r_5145# sgrub pa NYID BLA NA MED PA YIN PAS SGRUB PA BLA NA MED PA NYID DE / / +de  bzhin du dmigs PA DANG YANG DAG PAR 'GRUB PA BLA NA MED PA NYID KYANG rig par bya'o // / "
"558717","TD4027E.TXT.r_1156;TD4027E.TXT.r_1157"," de la sgrub pa bla na med pa nyid ni pha rol tu phyin pa bcu bsgrub par  rig par bya'o // / +sgrub pa dag ni rnam drug ste // / "
"558727","TD4027E.TXT.r_1158;TD4027E.TXT.r_1159;TD4027E.TXT.r_1160"," pha rol tu phyin pa de dag la'o // / +dam pa dang ni yid byed dang / / +rjes mthun chos mtha' spangs pa dang / / ","5.960#TD4021E.TXT.r#2101592#2101598#TD4021E.TXT.r_355;TD4021E.TXT.r_356;TD4021E.TXT.r_357;TD4021E.TXT.r_358# pha ROL PHYIN PA DE DAG LA'O // / +dam PA DANG NI YID BYED DANG / / "
"558738","TD4027E.TXT.r_1161;TD4027E.TXT.r_1162;TD4027E.TXT.r_1163"," khyad par can dang khyad par med // / +rnam pa drug po 'di dag ni sgrub pa ste / / +'di ltar dam par sgrub pa dang  yid la byed pa la sgrub  pa dang  rjes su mthun pa'i chos sgrub pa dang / / "
"558751","TD4027E.TXT.r_1164;TD4027E.TXT.r_1165"," mtha' gnyis rnam par spangs pa sgrub pa dang  khyad par can sgrub pa dang  khyad par med pa sgrub pa'o // / +de la / / "
"558759","TD4027E.TXT.r_1166;TD4027E.TXT.r_1167;TD4027E.TXT.r_1168"," dam pa bcu gnyis bdag nyid de // / +rgya che ba dang yun ring dang / / +ched du bya ba dang mi zad dang / / ","0.015#TD4021E.TXT.r#2101605#2101610#TD4021E.TXT.r_358;TD4021E.TXT.r_359;TD4021E.TXT.r_360;TD4021E.TXT.r_361;TD4021E.TXT.r_362# khyad par can dang khyad par med // / +dam PA BCU GNYIS BDAG NYID DE // / +rgya CHE BA DANG YUN RING DANG / / "
"558768","TD4027E.TXT.r_1169;TD4027E.TXT.r_1170"," rgyun mi 'chad dang tshegs med  dang ; / / +dbang 'byor ba dang yongs gzung dang / / ","0.0#TD4021E.TXT.r#2101611#2101622#TD4021E.TXT.r_360;TD4021E.TXT.r_361;TD4021E.TXT.r_362;TD4021E.TXT.r_363;TD4021E.TXT.r_364;TD4021E.TXT.r_365;TD4021E.TXT.r_366# rgya che ba dang yun ring dang / / +ched du bya dang mi zad dang / / +rgyun MI 'CHAD DANG TSHEGS MED DANG / / "
"558776","TD4027E.TXT.r_1171;TD4027E.TXT.r_1172;TD4027E.TXT.r_1173"," rtsom dang thob dang rgyu mthun dang / / +'grub pa dam par 'dod pa yin // / +rnam pa bcu gnyis lo 'di dag ni dam pa ste / / "
"558787","TD4027E.TXT.r_1174"," 'di ltar rgya che ba dam pa dang  yun ring ba dam pa dang  ched du bya ba dam pa dang  zad mi shes pa dam pa dang   rgyun mi 'chad pa dam pa dang  tshegs med pa dam pa dang  dbang 'byor ba dam pa dang  yongs su gzung ba dam pa dang  rtsom pa dam pa dang  rab tu thob pa dam pa dang  rgyu mthun pa dam pa dang  'grub pa dam pa'o // / "
"558815","TD4027E.TXT.r_1175;TD4027E.TXT.r_1176"," de la rgya che ba dam pa ni / / +'jig rten gyi phun sum tshogs pa  thams cad mi 'dod pa dang mchog tu rig par bya'o // / ","0.0#TD4053E.TXT.r#2989769#2989770#TD4053E.TXT.r_3390;TD4053E.TXT.r_3391# dam pa rnam pa bcu gnyis la / / +rgya CHE BA DAM PA NI 'JIG RTEN GYI PHUN SUM TSHOGS PA THAMS CAD MI 'DOD PA DANG MCHOG TU GYUR ba'i phyir ro // / ","0.0#TD4054E.TXT.r#1033568#1033569#TD4054E.TXT.r_6956# dam pa rnam pa bcu gnyis PA RGYA CHE BA DAM PA NI 'JIG RTEN GYI PHUN SUM TSHOGS PA THAMS CAD MI 'DOD PA DANG  mchog tu gyur ba'i phyir ro // / "
"558825","TD4027E.TXT.r_1177;TD4027E.TXT.r_1178"," yun ring pa dam pa ni bskal pa grangs med pa gsum du yongs su bsgoms pa'i phyir ro // / +ched du bya ba dam pa ni sems can thams cad kyi don bya ba'i ched kyi phyir ro // / ","0.0#TD4054E.TXT.r#1033581#1033585#TD4054E.TXT.r_6957;TD4054E.TXT.r_6958# yun  RING BA DAM PA NI BSKAL PA GRANGS MED PA GSUM DU YONGS SU BSGOM PA'I PHYIR RO // / +ched DU BYA BA DAM PA NI SEMS CAN THAMS CAD KYI DON BYA BA'I PHYIR ro // / ","1.192#TD4048E.TXT.r#1692709#1692712#TD4048E.TXT.r_1261;TD4048E.TXT.r_1262# dngos po dam pa ni mtha' dag kun tu spyod PA'I PHYIR RO // / +ched DU BYA BA DAM PA NI SEMS CAN THAMS CAD LA phan pa dang bde ba'i ched du bya ba'i phyir ro // / ","0.021#TD4032E.TXT.r#1953257#1953258#TD4032E.TXT.r_5191;TD4032E.TXT.r_5192# byang chub sems dpa' rnams ni sbyin pa'i pha rol tu phyin pa la sogs pa bsgom PA BSKAL BA GRANGS MED PA GSUM GYI mthar thug par byed pas shin tu yun ring ba yin no // / +ched  DU BYA BA DAM PA NI SEMS CAN THAMS CAD KYI DON BYA BA'I CHED KYI PHYIR RO ZHES bya ba la / / ","0.025#TD4032E.TXT.r#1953897#1953898#TD4032E.TXT.r_5277;TD4032E.TXT.r_5278# zhes bya ba brjod de / / +ched DU BYA BA DAM PA NI SEMS CAN THAMS CAD KYI DON BYA BA'I CHED KYI PHYIR RO ZHES bshad pa de'i phyir / / "
"558838","TD4027E.TXT.r_1179"," zad mi shes pa dam pa ni byang chub chen por yongs su bsngos    pas gtan du yongs su gtugs par mi 'gyur ba'i phyir ro // / "
"558848","TD4027E.TXT.r_1180;TD4027E.TXT.r_1181"," rgyun mi 'chad pa'i dam pa ni bdag gzhan mnyam pa nyid du mos pa'i phyir te / / +sems can thams cad la sbyin pa la sogs pas pha rol tu phyin pa rnams yongs su rdzogs par byed pa'i phyir ro // / ","0.0#TD4054E.TXT.r#1033603#1033614#TD4054E.TXT.r_6961;TD4054E.TXT.r_6962;TD4054E.TXT.r_6963;TD4054E.TXT.r_6964# RGYUN MI 'CHAD PA DAM PA  ni bdag dang GZHAN PA NYID DU MOS PA'I PHYIR RO // / +sems CAN THAMS CAD KYI SBYIN PA LA SOGS PAS PHA ROL TU PHYIN PA RNAMS YONGS SU RDZOGS PAR BYED PA'I PHYIR RO // / ","0.021#TD4032E.TXT.r#1953384#1953386#TD4032E.TXT.r_5211;TD4032E.TXT.r_5212# rgyun mi 'chad pa  DAM PA NI BDAG DANG GZHAN MNYAM PA NYID DU MOS PA'I PHYIR TE / / +sems CAN THAMS CAD LA SBYIN PA LA SOGS PA PHA ROL TU PHYIN PA RNAMS YONGS SU RDZOGS PAR BYED PA'I PHYIR RO ZHES bya ba ni / / ","0.028#TD4054E.TXT.r#1034920#1034920#TD4054E.TXT.r_7126;TD4054E.TXT.r_7127# de bzhin du shes rab KYI PHA ROL TU PHYIN PA'I bar du ci rigs su sbyar bar rig par bya'o // / +bsdus PA NI SBYIN PA LA SOGS PA'I byang chub sems dpa'i BSDUS PA'I PHYIR TE / / ","0.029#TD4018E.TXT.r#3082925#3082925#TD4018E.TXT.r_10259# gzung ba thams  cad yongs su spangs pas sems can thams cad snying rjes rjes su yongs su gzung ba'i phyir sbyin PA'I PHA ROL TU PHYIN PA bsod nams kyi tshogs so // / ","0.029#TD4018E.TXT.r#3089348#3089349#TD4018E.TXT.r_11062;TD4018E.TXT.r_11063# de ltar phyi'i don du mngon par chags pa med par sems CAN THAMS CAD LA PHAN PA dang  bde ba'i phyir / / ","0.029#TD4029E.TXT.r#2132269#2132269#TD4029E.TXT.r_1590;TD4029E.TXT.r_1591# rgyu 'di dang rim pa 'dis me long lta bu'i ye shes yang dag par 'grub par 'gyur ro // / +sems mnyam pa'i phyir ni sems CAN THAMS CAD LA BDAG dang     // / "
"558862","TD4027E.TXT.r_1182"," tshegs med pa dam pa ni gzhan  gyi sbyin pa la sogs pa la rjes su yi rang ba tsam gyis pha rol tu phyin pa yongs su rdzogs par byed pa'i phyir ro // / ","0.0#TD4032E.TXT.r#1953442#1953448#TD4032E.TXT.r_5218# TSHOGS MED PA DAM PA NI GZHAN GYI SBYIN PA LA SOGS PA LA RJES SU YI RANG BA TSAM GYIS PHA ROL TU PHYIN PA  YONGS SU RDZOGS PAR BYED PA'I PHYIR RO ZHES bya ba ni ci nas kyang de DAG LA RJES SU YI RANG BA TSAM GYIS SBYIN PA LA SOGS PA PHA ROL TU PHYIN PA RNAMS YONGS SU RDZOGS PAR 'GYUR ba de ltar byang chub sems dpa' rnams sems can rnams KYI SBYIN PA LA SOGS PA DGE ba'i rtsa ba rnams  la rab tu dga' ba'i yid KYIS RJES SU YI RANG BAR byed do // / ","0.0#TD4053E.TXT.r#2989820#2989828#TD4053E.TXT.r_3396;TD4053E.TXT.r_3397# CHOGS MED PA DAM PA NI GZHAN GYI SBYIN PA LA SOGS PA LA RJES SU YI RANG BA TSAM GYIS PHA ROL TU PHYIN PA YONGS SU RDZOGS PAR BYED PA'I PHYIR RO // / ","0.022#TD4032E.TXT.r#1953457#1953458#TD4032E.TXT.r_5218# TSHOGS MED PA DAM PA NI GZHAN GYI SBYIN PA LA SOGS PA LA RJES SU YI RANG BA TSAM GYIS PHA ROL TU PHYIN PA  YONGS SU RDZOGS PAR BYED PA'I PHYIR RO ZHES bya ba ni ci nas kyang de DAG LA RJES SU YI RANG BA TSAM GYIS SBYIN PA LA SOGS PA PHA ROL TU PHYIN PA RNAMS YONGS SU RDZOGS PAR 'GYUR ba de ltar byang chub sems dpa' rnams sems can rnams KYI SBYIN PA LA SOGS PA DGE ba'i rtsa ba rnams  la rab tu dga' ba'i yid KYIS RJES SU YI RANG BAR byed do // / ","0.024#TD4054E.TXT.r#1033619#1033623#TD4054E.TXT.r_6964;TD4054E.TXT.r_6965# GZHAN GYI SBYIN PA LA RJES SU YI RANG BA TSAM GYIS SBYIN PA LA SOGS PA'I PHA ROL TU PHYIN PA YONGS SU RDZOGS PAR BYED PA'I  phyir ro // / "
"558875","TD4027E.TXT.r_1183"," dbang 'byor pa dam pa ni nam mkha' mdzod kyi ting nge 'dzin la sogs pa sbyin pa la sogs pa yongs su rdzogs par byed pa'i phyir ro // / ","1.788#TD4053E.TXT.r#2989829#2989836#TD4053E.TXT.r_3396;TD4053E.TXT.r_3397# chogs med PA DAM PA NI GZHAN GYI SBYIN PA LA SOGS PA la rjes su yi rang ba tsam gyis pha rol tu phyin PA YONGS SU RDZOGS PAR BYED PA'I PHYIR RO // / +dbang 'byor PA DAM PA NI NAM MKHA' MDZOD KYI TING NGE 'DZIN LA SOGS PAS SBYIN PA LA SOGS PA  YONGS SU RDZOGS PAR BYED PA'I PHYIR RO // / ","1.788#TD4054E.TXT.r#1033624#1033631#TD4054E.TXT.r_6964;TD4054E.TXT.r_6965# gzhan gyi sbyin pa la rjes su yi rang ba tsam GYIS SBYIN PA LA SOGS PA'I pha rol tu phyin PA YONGS SU RDZOGS PAR BYED PA'I  phyir ro // / +dbang 'byor PA DAM PA NI NAM MKHA' MDZOD KYI TING NGE 'DZIN LA SOGS PAS SBYIN PA LA SOGS PA YONGS SU RDZOGS PAR BYED PA'I PHYIR RO // / ","0.022#TD4051E.TXT.r#1255487#1255489#TD4051E.TXT.r_3347# ting nge 'dzin gyi sgo la dbang ba ni snyoms par 'jug pa thams cad kyi sgrib pa spangs pas ji ltar 'dod pa de bzhin du nam mkha' mdzod la sogs PA'I TING NGE 'DZIN LA SNYOMS PAR 'jug PAR BYA BA'I PHYIR RO // / ","0.024#TD4025E.TXT.r#2171435#2171436#TD4025E.TXT.r_778# sems can dang snod kyi 'jig rten nam mkha' ltar bdag med pa'i mthar thug pa nyid du rtogs pa'i phyir dang  nam mkha' mdzod la sogs pa'i ting nge 'dzin bsgoms pas chos kyi dbang phyug dam pa thams cad du khyab pa kun tu ston pa'i  phyir nam mkha'i khams kyi mthas klas pa'o // / ","0.025#TD4032E.TXT.r#1953479#1953481#TD4032E.TXT.r_5219# DBANG 'BYOR BA DAM PA NI NAM MKHA' MDZOD KYI TING NGE 'DZIN LA SOGS PAS SBYIN PA LA SOGS PA YONGS SU RDZOGS PAR BYED PA'I PHYIR RO ZHES bya ba ni / / "
"558886","TD4027E.TXT.r_1184"," yongs su gzung ba dam pa ni rnam  par mi rtog pa'i ye shes kyis yongs su bzung ba'i phyir ro // / ","0.0#TD4054E.TXT.r#1033640#1033645#TD4054E.TXT.r_6966;TD4054E.TXT.r_6967# YONGS SU BZUNG BA DAM PA NI RNAM PAR MI RTOG PA'I YE SHES KYIS YONGS SU BZUNG BA'I PHYIR RO // / +rtsom pa dam pa ni mos pa spyod pa'i sa la bzod pa cher gyur pa'o // / "
"558894","TD4027E.TXT.r_1185;TD4027E.TXT.r_1186"," rtsom pa dam pa ni mos pa sa spyod pa'i sa la bzod pa cher gyur pa'o // / +'thob pa dam pa ni sa dang po la'o // / ","0.023#TD4053E.TXT.r#2989846#2989846#TD4053E.TXT.r_3398;TD4053E.TXT.r_3399# yongs su bzung BA DAM PA NI RNAM par mi rtog pa'i ye shes kyis yongs su bzung ba'i phyir ro // / +rtsom PA DAM PA NI MOS PAS SPYOD PA'I SA LA BZOD PA CHEN POR gyur pa la'o // / "
"558905","TD4027E.TXT.r_1187;TD4027E.TXT.r_1188"," rgyu mthun pa dam pa ni de ma yin pa gzhan brgyad po dag la'o // / +'grub pa dam pa ni sa bcu pa dang  de bzhin  gshegs pa'i sa la byang chub sems dpa' 'grub pa dang  sangs rgyas 'grub pa'i phyir ro // / ","0.0#TD4053E.TXT.r#2989856#2989862#TD4053E.TXT.r_3400;TD4053E.TXT.r_3401;TD4053E.TXT.r_3402# THOB PA DAM PA NI SA DANG po la'o // / +rgyu MTHUN PA DAM PA NI DE MA YIN PA    GZHAN BRGYAD PO DAG LA'O // / ","0.0#TD4054E.TXT.r#1033653#1033662#TD4054E.TXT.r_6968;TD4054E.TXT.r_6969;TD4054E.TXT.r_6970# mthong  bdam pa ni sa dang po la'o // / +rgyu MTHUN PA DAM PA NI DE MA YIN PA GZHAN BRGYAD PO DAG LA'O // / ","0.021#TD4032E.TXT.r#1953725#1953731#TD4032E.TXT.r_5249;TD4032E.TXT.r_5250;TD4032E.TXT.r_5251;TD4032E.TXT.r_5252# yang na sa brgyad po 'di dag ni sa dang po la rab tu thob pa'i pha rol tu phyin pa rnams kyi rgyun mthun par gyur pas rgyu mthun  PA DAM PA'O // / +'grub PA DAM PA NI SA BCU PA DANG DE BZHIN GSHEGS PA'I SA LA / / +byang CHUB SEMS DPA' 'GRUB PA DANG SANGS RGYAS 'GRUB PA'I PHYIR RO zhes bya ba la / / "
"558921","TD4027E.TXT.r_1189;TD4027E.TXT.r_1190;TD4027E.TXT.r_1191"," de'i phyir dam pa'i don gyis ni // / +pha rol gyin pa bcur 'dod do // / +'di ltar dam pa rnam pa bcu gnyis po 'di dag ni de dag la yod pa'i phyir dam pa zhes bya ste / / ","0.021#TD4032E.TXT.r#1953830#1953830#TD4032E.TXT.r_5266# pha rol tu PHYIN PA BCUR 'DOD DO ZHES bya ba ni 'di LTAR DAM PA RNAM PA BCU GNYIS PO 'DI DAG / / "
"558938","TD4027E.TXT.r_1192;TD4027E.TXT.r_1193"," don 'dis pha rol tu phyin  pa bcu po dag tu 'dod do // / +kha cig bcu gang yin snyam du sems pa la de dag gi ming bstan par bya ba'i phyir / / "
"558954","TD4027E.TXT.r_1194;TD4027E.TXT.r_1195"," sbyin dang tshul khrims bzod brtson 'grus // / +bsam gtan dang ni shes rab thabs // / ","0.0#TD4032E.TXT.r#1953876#1953881#TD4032E.TXT.r_5272;TD4032E.TXT.r_5273;TD4032E.TXT.r_5274# kha cig ces bya ba ni gang dag pha rol tu phyin pa rnams kyi ming tsam yang mi shes pa de rnams la de dag gi ming bstan par bya ba'i phyir / / +sbyin DANG TSHUL KHRIMS BZOD BRTSON 'GRUS // / ","0.014#TD4021E.TXT.r#2101637#2101647#TD4021E.TXT.r_368;TD4021E.TXT.r_369;TD4021E.TXT.r_370;TD4021E.TXT.r_371;TD4021E.TXT.r_372# pha rol phyin pa bcur 'dod do // / +sbyin DANG TSHUL KHRIMS BZOD BRTSON 'GRUS // / ","0.020#TD4084E.TXT.r#1279632#1279634#TD4084E.TXT.r_567;TD4084E.TXT.r_568;TD4084E.TXT.r_569# byang chub sems dpas bsten par bya // / +sbyin PA TSHUL KHRIMS BZOD BRTSON 'GRUS // / ","0.024#TD4018E.TXT.r#3018007#3018007#TD4018E.TXT.r_1914;TD4018E.TXT.r_1915# skyes pa'i rabs ni sbyin pa dang / / +tshul khrims dang  bzod pa dang  brtson 'grus dang  bsam gtan dang  shes rab dang  thabs dang  smon lam dang  stobs dang  ye shes  kyi pha rol tu phyin pa'i khyad par du mtha' med pa'o // / ","0.024#TD4018E.TXT.r#3055303#3055303#TD4018E.TXT.r_6605# sa de    dag gis mi mthun pa'i phyogs sgrib pa yang sbyin pa dang  tshul khrims dang  bzod pa dang  brtson 'grus dang  bsam gtan dang  shes rab dang  thabs dang  stobs dang  smon lam dang ye shes rnams kyi mi mthun pa'i phyogs ni 'jungs pa dang  ngang  tshul ngan pa dang  mi bzod pa dang  le lo dang  gyeng ba dang  ma rig pa dang  thabs med pa dang  mi smon pa dang  mthu med pa dang  yongs su shes pa med pa dang  sbyin pa'i pha rol tu phyin pa la sogs pa nas thams cad mkhyen pa'i ye shes kyi mthar thug  par ro // / "
"558962","TD4027E.TXT.r_1196;TD4027E.TXT.r_1197"," slon lam stobs dang ye shes dang / / +'di dag pha rol phyin pa bcu // / ","0.024#TD4032E.TXT.r#1953889#1953890#TD4032E.TXT.r_5275;TD4032E.TXT.r_5276# SMON LAM STOBS DANG YE SHES DANG / / +'di dag pha rol phyin bcu'o // / "
"558971","TD4027E.TXT.r_1198;TD4027E.TXT.r_1199;TD4027E.TXT.r_1200"," zhes bya ba brjod do // / +'di dag gis so so'i las ci zhe na / / +las ni rjes su 'dzin byed dang / / "
"558981","TD4027E.TXT.r_1201;TD4027E.TXT.r_1202"," gnod mi byed dang de la bzod // / +yon tan 'phel dang 'dzud nus dang / / ","0.0#TD4021E.TXT.r#2101656#2101669#TD4021E.TXT.r_373;TD4021E.TXT.r_374;TD4021E.TXT.r_375;TD4021E.TXT.r_376;TD4021E.TXT.r_377;TD4021E.TXT.r_378# las ni rjes su 'dzin byed dang / / +gnod MI BYED DANG DE LA BZOD // / ","0.0#TD4032E.TXT.r#1953913#1953913#TD4032E.TXT.r_5280;TD4032E.TXT.r_5281# las ni rjes su 'dzin byed dang / / +gnod MI BYED DANG DE LA BZOD // / "
"558989","TD4027E.TXT.r_1203;TD4027E.TXT.r_1204;TD4027E.TXT.r_1205"," rnam par grol bar bya ba dang / / +mi zad pa dang rtag 'jug dang / / +nges par longs spyod smin par byed // / "
"558998","TD4027E.TXT.r_1206;TD4027E.TXT.r_1207"," 'di dag ni go rims bzhin du de dag gi  las te / / +byang chub sems dpa'i sbyin pas ni sems can rnams rjes su 'dzin to // / ","0.0#TD4032E.TXT.r#1953998#1954002#TD4032E.TXT.r_5290;TD4032E.TXT.r_5291# 'dis kyang srog dang longs spyod dang  bu dang chung ma la sogs pas phongs pa'i 'jigs pa sel BAS SEMS CAN RNAMS RJES SU 'DZIN  to ; / / "
"559007","TD4027E.TXT.r_1208;TD4027E.TXT.r_1209"," tshul khrims kyis ni de dag la gnod par mi byed do // / +bzod pas ni gzhan dag gis gnod par byas pa la ci mi snyam par byed do // / "
"559017","TD4027E.TXT.r_1210;TD4027E.TXT.r_1211;TD4027E.TXT.r_1212"," brtson 'grus kyis ni yon tan rnams 'phel bar byed do // / +bsam gtan     // / +gyis ni rdzu 'phrul la sogs pas mgu bar byas te 'dzud do // / ","0.024#TD4032E.TXT.r#1954084#1954084#TD4032E.TXT.r_5297;TD4032E.TXT.r_5298# des sbyin pa la sogs pa'i yon tan goms par byas pas yon tan khyad par du 'phags par 'grub pa ni 'phel ba'o // / +bsam gtan gyis NI RDZU 'PHRUL LA SOGS PAS MGU BAR BYAS TE 'DZUD DO  zhes bya ba la sogs pa zhes bya ba'i sgras ni / / "
"559028","TD4027E.TXT.r_1213;TD4027E.TXT.r_1214"," shes rab kyis ni yang dag pa'i gdams ngag byin pas rnam par grol bar byed do // / +thabs la mkhas pa'i pha rol tu phyin pas ni byang chub chen por yongs su bsngos pas sbyin pa la sogs pa mi zad par byed do // / ","0.0#TD4032E.TXT.r#1954146#1954154#TD4032E.TXT.r_5308;TD4032E.TXT.r_5309;TD4032E.TXT.r_5310;TD4032E.TXT.r_5311# de bas na shes rab KYIS YANG DAG PA'I GDAMS NGAG BYIN PAS RNAM PAR GROL BAR BYED DO // / ","0.013#TD4047E.TXT.r#1166526#1166526#TD4047E.TXT.r_6660;TD4047E.TXT.r_6661# brnyas shing ma gus par zhes  bya ba la sogs pa'o // / +rgyab kyis phyogs pa'i sbyin pa dgag par bya par bya ba'i phyir // / ","0.013#TD4036E.TXT.r#12513#12514#TD4036E.TXT.r_1819;TD4036E.TXT.r_1820# de la zas ran par yongs su longs spyod par byed cing / / +zas ran pa ma yin pas yongs su longs spyod par mi byed pas na // / ","0.013#TD4036E.TXT.r#33549#33549#TD4036E.TXT.r_5127;TD4036E.TXT.r_5128# yang dag par rab tu dga' bar byed cing rab tu 'dzin PAR BYED PA'O // / +de la so sor brtag par 'os pa'i yid la byed pa ni / / ","0.013#TD4036E.TXT.r#45061#45063#TD4036E.TXT.r_6865# de la dmigs pa'i sred pas yang 'byung ba'i sred pa'i srid par skyed par byed cing / / ","0.013#TD4032E.TXT.r#1954119#1954120#TD4032E.TXT.r_5303;TD4032E.TXT.r_5304# bsam gtan gyi 'bras bu rdzu  'phrul dang  kun brjod pa'i cho 'phrul gnyis kyis mgu bar byas na bstan pa la 'dzud nus par 'gyur ro // / +shes RAB KYIS NI YANG DAG PA'I GDAMS NGAG BYIN PAS RNAM PAR GROL BAR BYED DO ZHES bya ba la / / ","0.013#TD4047E.TXT.r#1195869#1195874#TD4047E.TXT.r_10645;TD4047E.TXT.r_10646# dgod par byed na yang ran par dgod par byed kyi ma 'os par dgod par mi byed pa'o // / ","0.013#TD4050E.TXT.r#1115808#1115808#TD4050E.TXT.r_2570;TD4050E.TXT.r_2571# byang chub sems dpa'i sbyin pa nyid la 'dod par byed pas ro myang ba med pa'i don te / / +ro myang bar mi byed ces bya bar bzhed do // / ","0.015#TD4016.2E.TXT.r#2349633#2349633#TD4016.2E.TXT.r_4466;TD4016.2E.TXT.r_4467# ji ltar rigs pa yongs su tshol BAR BYED CE NA / / +rigs pa bzhi po ltos pa'i rigs pa dang  bya ba byed pa'i rigs pa dang  'thad pas bsgrub pa'i  rigs pa dang  chos nyid kyi rigs pa ste / / ","0.016#TD4032E.TXT.r#1933072#1933072#TD4032E.TXT.r_2146;TD4032E.TXT.r_2147# de la  srid pa la chags pa dang  longs spyod la chags pas ni bde 'gror sems SNGO BAR BYED DO // / +sems zhum pas ni nyan thos kyi theg PAR SNGO BAR BYED DO // / ","0.016#TD4044E.TXT.r#394141#394141#TD4044E.TXT.r_2271;TD4044E.TXT.r_2272# sbyin pa la gegs byed pa'i gnyen po las kyang brtsams nas gnyen po'i  shes pa tha ma 'dis ni bsod nams kyi 'bras bu yang dag par yongs su 'dzin par byed do zhes bya ba'i bar du'o // / +lhag pa'i bsam pas mos pa'i sbyin pa la brten pa zhes bya ba ni nang gi bdag nyid do // / ","0.016#TD4053E.TXT.r#2991635#2991635#TD4053E.TXT.r_3631;TD4053E.TXT.r_3632;TD4053E.TXT.r_3633# GANG BYANG CHUB CHEN POR YONGS SU ma bsngos pa'i sbyin pa'o // / +sbyin pa'ang yin LA PHA ROL TU PHYIN PA'ANG yin pa yod  de ; / +BYANG CHUB CHEN POR YONGS SU BSNGOS PA'I SBYIN PA rnams so // / ","0.017#TD4046E.TXT.r#2196245#2196245#TD4046E.TXT.r_48;TD4046E.TXT.r_49;TD4046E.TXT.r_50;TD4046E.TXT.r_51# bdag nyid la ltos nas nyams par MI BYED DO // / +brgyal bag med pa'am / / +brjed ngas pa'am / / +ma shes pa'i phyir nyams par byas na yang sor chud par byed pa dang  gus pa skyes nas  thams cad kyi thams cad du nyams par mi byed pa'i phyir tshul khrims yongs su dag pa yin no // / ","0.018#TD4037E.TXT.r#1335582#1335582#TD4037E.TXT.r_2730;TD4037E.TXT.r_2732;TD4037E.TXT.r_2733;TD4037E.TXT.r_2734;TD4037E.TXT.r_2735# smad pa'am / / +bcing ba'am / / +chad pas gcad pa'am / / +go rar gzhug pa'am / / +bskrad pa'i phyir sbyin pa sbyin  par mi byed do // / ","0.018#TD4093.1E.TXT.r#804576#804576#TD4093.1E.TXT.r_6320;TD4093.1E.TXT.r_6321# kun shes pa dang ldan pa'i dbang pos nye bar spyod PAR BYED DE / / +mthong ba'i chos la bde bar gnas pas phye ba'i phyir ro // / ","0.018#TD4036E.TXT.r#42902#42902#TD4036E.TXT.r_6479;TD4036E.TXT.r_6480# shes rab dang ldan pa'i yid la byed pa rnam par rtog pa  dang bcas pas / / +mtshan mar 'dzin par byed pa'i tshe na ni yongs su RTOG PAR BYED DO // / ","0.018#TD4047E.TXT.r#1169544#1169544#TD4047E.TXT.r_7134;TD4047E.TXT.r_7135# dman pa dang   mnyam pa dang  khyad par du 'phags pa rnams la brnyas pa dang  'gran pa dang  phrag dog mi byed par sbyin pa ni khengs pa med pa'i sbyin pa yin par bstan pa'i phyir slong ba po la dma' ba'i sems kyis zhes bya ba la sogs pa'o // / +grags pa'i don la mi brten pa'i sbyin pa ni rten pa med pa'i  sbyin pa'o zhes bstan pa'i phyir / / ","0.018#TD4038.1E.TXT.r#2772759#2772759#TD4038.1E.TXT.r_10011;TD4038.1E.TXT.r_10012# rang bzhin gyi    mtshan ma khyi'us khyi'u dbyung ba'i tshul gyis mngon par 'byin par byed / / +mngon par sel bar byed / / ","0.018#TD4038.1E.TXT.r#2779282#2779282#TD4038.1E.TXT.r_10879;TD4038.1E.TXT.r_10880# chen po  bstan pa yang yang dag pa ji lta ba bzhin du rab tu shes shing snying por sems par byed / / +bstan par sems par byed / / ","0.018#TD4079E.TXT.r#765609#765610#TD4079E.TXT.r_1536;TD4079E.TXT.r_1537# de bzhin nyid kyi skye gnas can gyi ting nge 'dzin yang dag pa'i sbyor bas kun tu bsten pas rjes su 'gro bar byed // / +bsgom pas rjes su 'gro bar byed // / ","0.018#TD4091E.TXT.r#704786#704786#TD4091E.TXT.r_1895;TD4091E.TXT.r_1896# gnas pas NI GNAS PAR BYED DO // / +rga bas ni rnyings PAR BYED DO // / ","0.020#TD4034.1E.TXT.r#948062#948062#TD4034.1E.TXT.r_7430# de la yang yang dag pa'i lta bas mi rtag PA LA SOGS PA LTA bur shes par byed do zhes bya ba'i don to // / ","0.021#TD4093.2E.TXT.r#1981548#1981548#TD4093.2E.TXT.r_396;TD4093.2E.TXT.r_397# 'di ltar thal mo SBYAR BA LA SOGS PA GYO ba med pas kyang go BAR BYED LA / / +rang kun nas slong bar byed pa'i sems rig par byed pas kyang rnam par rig byed ces bya na / / ","0.022#TD4036E.TXT.r#14223#14223#TD4036E.TXT.r_2111# ldang ba'i 'du shes gnyis pas ni sangs rgyas kyis rjes su gnang ba'i seng ge'i nyal stangs las lhag chad med PAR NYAL BAR BYED DO // / ","0.023#TD4036E.TXT.r#13335#13335#TD4036E.TXT.r_1962;TD4036E.TXT.r_1963;TD4036E.TXT.r_1964# mdo'i sde dang  dbyangs kyis bsnyad pa'i sde dang  lung du bstan pa'i sde dang  rgyas par snga ma bzhin du chos gang dag thos shing bzung la bstan par byas pa'am // / +kha ton bya ba'am / / +yid kyis brtags pa dang  mthong bas shin tu rtogs par byed pa de dag las  rnam grangs du mar 'dod pa la 'dod chags dang  'dod pa la 'dun pa dang  'dod pa la zhen pa dang  'dod pa la 'chums pa dang  'dod pa la lhag par zhen pa la rnam par smad pa dang  rnam par mi snyan par brjod pa dang  rnam par skyon du bgrang ba dang  'dod pa  la 'dod chags dang  'dod pa la 'dun pa spong ba rnam grangs du mar bstod pa dang  bsngags pa dang rab tu bsngags pa'i chos de dag de ltar 'du gnas tshul bzhin du yid la byed pa yin te / / ","0.023#TD4018E.TXT.r#3058045#3058045#TD4018E.TXT.r_6993# pa'i sems kyi rgyud gang la yang skye ba dang gnas pa dang  'gog PA LA SOGS PA KUN rtog pa de la yang tha dad pa'i byed pa dang byed pa por 'brel bar mi rung bar thams cad mkhyen pas rigs pa bzhin gyis bsgrub par mdzad pa / / ","0.025#TD4037E.TXT.r#1378423#1378424#TD4037E.TXT.r_8252;TD4037E.TXT.r_8253# bsam gtan dang  rnam par thar pa dang  ting nge 'dzin la snyoms par 'jug pa mkhyen pa'i stobs kyis 'jig rten pa'i 'dod chags dang  bral bar 'gyur bar bya ba dang  ji lta ba bzhin du lam thob par bya BA'I GDAMS NGAG SBYIN PAR mdzad do // / +'jig rten las 'das pa'i 'dod chags dang bral bar 'dod pa rnams la ni de ma yin pa'i de bzhin gshegs pa'i stobs bdun gyis 'jig rten las 'das pa'i 'dod chags dang bral  bar 'gyur ba'i lam rnam par ston to // / ","0.025#TD4044E.TXT.r#389802#389802#TD4044E.TXT.r_1473;TD4044E.TXT.r_1474# pha rol du yang gang dang gang du skyes par  phyug pa dang zhes BYA BA LA SOGS PA NI RNAM PAR smin pa'i 'bras bu'o // / +sbyin pa la yang mos par 'gyur te zhes bya ba ni / / ","0.027#TD4047E.TXT.r#1166960#1166960#TD4047E.TXT.r_6738;TD4047E.TXT.r_6739# gyo sgyu'i sbyin pa sbyin par  mi byed do zhes bya ba la sogs pa'o // / +ma btang ba'i sbyin pa dgag pa'i phyir / / ","0.027#TD4047E.TXT.r#1202354#1202354#TD4047E.TXT.r_11475# gnyid la sogs pa bde ba'i dbang du gyur pas ji ltar thos pa'i don sems par mi byed  pa nas ji srid yongs su mi rtog pa'i bar du'am / / ","0.027#TD4047E.TXT.r#1180054#1180054#TD4047E.TXT.r_8475;TD4047E.TXT.r_8476# zhe sdang med pa'i ngo bo nyid dang  shes rab kyi ngo bo nyid do //// / +ji ltar na gzhan gnod par byed pa la ji mi snyam par bzod par byed ce na zhes bya ba ni / / ","0.028#TD4029E.TXT.r#2148448#2148448#TD4029E.TXT.r_3630# 'jig rten pa la sogs pa'i shes rab rab tu rnam par 'byed pas zhes bya bas de STON PAR BYED DO // / ","0.028#TD4036E.TXT.r#2812#2812#TD4036E.TXT.r_248# de rim pa 'dis dang po bdag gi 'byor pa nas tha ma ting ne 'dzin la yang dag par gnas pa'i  mthar thug pa'i bar gyi rkyen khyad par can dang  shin tu khyad par can dang  mchog tu khyad par can rnams gong nas ging du yang dag par bsgrub par byed do // / ","0.028#TD4092.2E.TXT.r#2533680#2533681#TD4092.2E.TXT.r_1;TD4092.2E.TXT.r_2# mu stegs byed kyi log par rtog pas the tshom skyed pa dag / / +yang sems can dang zhes bya ba rgyas par 'dri bar byed de / / ","0.029#TD4036E.TXT.r#36910#36910#TD4036E.TXT.r_5546;TD4036E.TXT.r_5547;TD4036E.TXT.r_5548# de la sems rab tu 'dzin par byed ces bya ba ni gang gi tshe sems de zhi gnas bsgom pa dang  rtse gcig tu bya ba nyid la rab tu brtson par byed pa dang  sdig  pa mi dge ba'i chos ma skyes pa rnams mi skyed pa dang  de bzhin du rgyas par snga ma bzhin du dge ba'i chos skyes pa rnams gnas pa dang  mi brjed pa dang  bsgom pa yongs su rdzogs par bya ba'i phyir rab tu brtson par byed cing / / +de yang de ltar nang du mngon par bsdus pa ni / / +de zhum par 'gyur pa'am / / ","0.029#TD4035E.TXT.r#126419#126419#TD4035E.TXT.r_275# phyin ci log  rnam ba bzhi po mi rtag pa la rtag par phyin ci log pa dang  sdug bsngal ba la bde bar phyin ci log pa dang  mi gtsang ba la gtsang bar phyin ci log pa dang  bdag med pa la bdag tu phyin ci log pas med pa la sgro 'dogs par mi byed pa dang  yod pa yang dag pa la yang sbyin pa med do  zhes bya ba la sogs pa'i rnam pa'i log par lta bas skur pa 'debs par mi byed pa 'am / / "
"559042","TD4027E.TXT.r_1215"," smon lam gyi pha rol tu phyin pas ni mthun pa'i skye ba yongs su 'dzin pas tshe rabs thams cad du sangs rgyas 'byung ba la mnyes par byed cing sbyin pa la sogs pa la rtag tu 'jug go // / ","0.0#TD4032E.TXT.r#1954194#1954203#TD4032E.TXT.r_5315;TD4032E.TXT.r_5316# byang chub chen por yongs su bsngos pa'i dge ba'i rtsa ba rnams ni byang chub    chen po bzhin du mi zad par 'gyur ro // / +smon LAM GYI PHA ROL TU PHYIN PAS NI MTHUN PA'I SKYE BA YONGS SU 'DZIN PAS TSHE RABS THAMS CAD DU SANGS RGYAS 'BYUNG BA MNYES PAR BYED CING SBYIN PA LA SOGS PA LA RTAG TU 'JUG GO ZHES bya ba la / / "
"559056","TD4027E.TXT.r_1216"," stobs kyi pha rol tu phin pas ni so sor rtog pa dang  bsgom pa'i stobs gnyis kyis mi mthun  pa'i phyogs kyis zil gyis mi non pa'i phyir sbyin pa la sogs pa la nges par 'jug go // / "
"559072","TD4027E.TXT.r_1217"," ye shes kyi pha rol tu phyin pas ni chos la sgra ji bzhin du rmongs pa dang bral bas sbyin pa la sogs pa'i dbang du mdzad pa'i chos la longs spyod pa myong ba dang  sems can rnams kyang yongs su  smin par byed do // / ","0.0#TD4032E.TXT.r#1954283#1954291#TD4032E.TXT.r_5327;TD4032E.TXT.r_5328;TD4032E.TXT.r_5329# YE SHES KYI PHA ROL TU PHYIN PAS NI / / +chos LA SGRA JI BZHIN DU RMONGS PA DANG BRAL BAS / / ","0.026#TD4032E.TXT.r#1954364#1954366#TD4032E.TXT.r_5338;TD4032E.TXT.r_5339# phyin ci ma log pa 'brel pa'i gtam nges par mdzad pa dang  sems can rnams la phyin ci ma log pa'i chos bstan pas / / +YONGS SU SMIN PAR MDZAD PAS CHOS LA LONGS SPYOD PA MYONG BA DANG  sems can yongs  su smin par mdzad pa ni / / "
"559090","TD4027E.TXT.r_1218;TD4027E.TXT.r_1219;TD4027E.TXT.r_1220"," dam pa bsgrub pa bshad zin to // / +yid la byed pa bsgrub pa gang zhe na / / +theg pa chen por ci lta bur // / ","0.029#TD4027E.TXT.r#559261#559262#TD4027E.TXT.r_1252;TD4027E.TXT.r_1253;TD4027E.TXT.r_1254# yongs su mya ngan las 'das pa na yang zhi ba med cing rgyun mi 'chad pa'i phyir mi zad par rig par bya'o // / +yid LA BYED PA BSGRUB PA BSHAD ZIN  to // / +rjes su mthun pa'i CHOS BSGRUB PA GANG ZHE NA / / "
"559099","TD4027E.TXT.r_1221;TD4027E.TXT.r_1222;TD4027E.TXT.r_1223"," chos rnams btags par mdzad pa dang / / +byang chub sems dpa' rtag par yang // / +shes rab gsum gyis yid byed pa'o // / ","0.0#TD4016.3E.TXT.r#223155#223159#TD4016.3E.TXT.r_1196;TD4016.3E.TXT.r_1197;TD4016.3E.TXT.r_1198;TD4016.3E.TXT.r_1199# theg pa chen po ji lta bur // / +chos RNAMS BSTAN PA MDZAD PA DAG / / +byang CHUB SEMS DPA' RTAG PAR YANG // / ","0.0#TD4021E.TXT.r#2101676#2101680#TD4021E.TXT.r_379;TD4021E.TXT.r_380;TD4021E.TXT.r_381;TD4021E.TXT.r_382# theg pa chen por ji lta bur // / +chos RNAMS BTAGS PAR MDZAD PA DAG / / +byang CHUB SEMS DPA' RTAG PAR YANG // / "
"559109","TD4027E.TXT.r_1224"," sbyin pa la sogs pa'i dbang du mdzad nas  theg pa chen por mdo la sogs pa ji ltar btags pa'i chos rnams thos pa dang  bsams pa dang  bsgoms pa las byung ba'i shes rab kyis rgyun du yid la byed pa ni yid la byed pa bsgrub pa'o // / ","0.015#TD4032E.TXT.r#1954483#1954484#TD4032E.TXT.r_5359;TD4032E.TXT.r_5360;TD4032E.TXT.r_5361# byang chub sems dpa' rnams sgrub pa yid la byed  PA NI YID LA BYED PA SGRUB PA'O // / +nyan thos kyi theg par SBYIN PA LA SOGS PA'I DBANG DU MDZAD DE / / ","0.025#TD4016.3E.TXT.r#269768#269768#TD4016.3E.TXT.r_7029# mdo 'di las ni zag pa dang bcas pa rnam par rtog pa'i sems dang yid dang RNAM PA'I DBANG DU MDZAD NAS bstan pa'i phyir ro // / "
"559128","TD4027E.TXT.r_1225"," shes rab rnam pa gsum gyis yid la byed pa des yon tan ci zhig thob ce na / / "
"559136","TD4027E.TXT.r_1226;TD4027E.TXT.r_1227"," khams brtas  byed dang 'jug byed dang / / +de ni don rnams 'grub par 'gyur // / ","0.0#TD4032E.TXT.r#1954598#1954599#TD4032E.TXT.r_5374;TD4032E.TXT.r_5375;TD4032E.TXT.r_5376# de bas na shes rab rnam pa gsum gyis yid la byed pa de yon tan ci zhig byed ce na zhes dris pa dang  de'i  phyir ; / +khams BRTAS BYED DANG 'JUG BYED DANG / / ","0.011#TD4021E.TXT.r#2101688#2101695#TD4021E.TXT.r_383;TD4021E.TXT.r_384;TD4021E.TXT.r_385;TD4021E.TXT.r_386# KHAMS RTAS BYED DANG 'JUG BYED DANG / / +de ni don rnams  'grub par 'gyur // / "
"559144","TD4027E.TXT.r_1228;TD4027E.TXT.r_1229"," thos pa las byung ba'i shes rab kyis yid la byed pas khams brtas par 'gyur ro // / +bsams pa las byung bas ni thos pa de'i don la snying nas 'jug par byed do // / ","5.960#TD4032E.TXT.r#1954618#1954620#TD4032E.TXT.r_5380;TD4032E.TXT.r_5381# khams brtas pas ni tshe phyi ma shes rab che zhing gsal BAR 'GYUR RO // / +THOS PA DE'I DON LA SNYING NAS 'JUG PAR  byed do zhes bya ba ni mdo la sogs pa'i CHOS THOS PA DE'I DON LA rigs pa'i stobs skyed pas / / ","0.010#TD4039E.TXT.r#1836152#1836153#TD4039E.TXT.r_2621;TD4039E.TXT.r_2622# de de ltar brtson 'grus brtsams te gnas na bden pa rnams mngon par rtogs par 'gyur  te ; / +'phags pa'i 'jig rten las 'das pa'i shes rab thob par 'gyur ro // / ","0.017#TD4016.2E.TXT.r#2355133#2355134#TD4016.2E.TXT.r_5159;TD4016.2E.TXT.r_5160# bshad pa'i rnam grangs gzhan du na 'phags pa'i gsung rab kyi dbang gis shes rab rnam pa gsum thob PAR 'GYUR TE / / +thos PA'I SHES RAB KYIS NI gzhol bar byed do // / ","0.018#TD4034.1E.TXT.r#944152#944152#TD4034.1E.TXT.r_6957# rnam par grol bar byed pa ni sde snod gsum mnyan pa dang  bsams pa dang  bsgoms pa'i shes rab kyis rnam par grol bar byed do zhes bya ba'i don to // / ","0.019#TD4009E.TXT.r#340015#340015#TD4009E.TXT.r_2648;TD4009E.TXT.r_2649# gti mug gi sred pa mi sel ba de dag chos kyi rgya mtshos khyer la  nyon mongs pa'i skom pas 'chi ba'i dus byas PAR 'GYUR TE / / +ngan 'gror 'gro bar 'gyur ro zhes bya ba'i dpe des na thos pa'i shes pas mngon pa'i nga rgyal byed par ston te / / ","0.019#TD4035E.TXT.r#126981#126982#TD4035E.TXT.r_368;TD4035E.TXT.r_369# 'chi ba'i tshe de bde ba'i 'chi bas kyang 'chi bar mi 'gyur la / / +sdug bsngal ba'i 'chi bas kyang 'chi bar mi 'gyur ro // / ","0.019#TD4035E.TXT.r#192029#192029#TD4035E.TXT.r_11693;TD4035E.TXT.r_11694;TD4035E.TXT.r_11695# der 'bod cing shan pa byed pa la sogs pas shin tu kha na ma tho ba sdig pa'i las lug la sogs pa gsod par byed pa'o // / +'byin pas 'gyod pa med par 'gyur // / +'gyod pas nyes pa med par 'gyur // / ","0.019#TD4042E.TXT.r#1678511#1678515#TD4042E.TXT.r_274;TD4042E.TXT.r_275;TD4042E.TXT.r_276;TD4042E.TXT.r_277# dge ba'i spyod pas kyang bde 'gror 'gro ba dang mya ngan las 'da' ba'i tshigs SU 'GYUR RO // / +mi dge ba'i spyod pas ni ngan 'gror 'gro BAR 'GYUR RO // / +drag po'i spyod pas kyang ngan 'gror 'gro bar  'gyur te / / ","0.019#TD4042E.TXT.r#1678543#1678544#TD4042E.TXT.r_279;TD4042E.TXT.r_280;TD4042E.TXT.r_281# nyams pa'i cha dang mthun pa dang khyad par gyi cha dang mthun pa'i spyod pas ni ci rigs par nyams pa dang khyad par du 'gro  BAR 'GYUR RO // / +kun nas nyon mongs pa'i spyod pas ni 'khor BAR 'GYUR RO // / +rnam par byang ba'i spyod pas ni mya ngan las 'da' BAR 'GYUR RO // / ","0.019#TD4092.2E.TXT.r#2628904#2628904#TD4092.2E.TXT.r_11580;TD4092.2E.TXT.r_11581# de lta ma yin na zhes bya ba rgyas par 'byung ba ni gal te kun rdzob shes pa'i  ngo bo nyid ma yin gyi snying rje bzhin du zhe sdang med pa'i ngo bo nyid yin par gyur na ni sems can thams cad la dmigs par yang 'grub par mi 'gyur te / / +khams gsum pa'i sems can la dmigs par 'grub par mi 'gyur ro zhes bya ba'i tha tshig go // / ","0.019#TD4093.2E.TXT.r#2063400#2063400#TD4093.2E.TXT.r_12355;TD4093.2E.TXT.r_12356# shes rab kyang rnam pa dang bcas par 'gyur ro zhes bya bar grub bo // / +yang ci shes rab kho nas  'dzin par byed dam zhes bya ba ni / / ","0.020#TD4016.1E.TXT.r#473315#473315#TD4016.1E.TXT.r_3116;TD4016.1E.TXT.r_3117# 'di ltar thos nas mi brjed par 'dzin par byed do // / +don phyin ci ma log par 'dzin pa'i phyir ro // / ","0.021#TD4035E.TXT.r#180666#180669#TD4035E.TXT.r_9681;TD4035E.TXT.r_9682;TD4035E.TXT.r_9683# de la sdig pa'i grogs pos ni lhag pa'i  sems dang  lhag pa'i shes rab las brtsams te 'doms shing ston pa log par rnyed PAR 'GYUR RO // / +bka' blo mi bde bas ni rnyed par yang mi 'gyur ro // / ","0.022#TD4047E.TXT.r#1214104#1214104#TD4047E.TXT.r_13216;TD4047E.TXT.r_13217# sems kun nas nyon mongs pas  sems can rnams kun nas nyon mongs PAR 'GYUR LA / / +sems rnam par dag pas rnam par byang bar 'gyur ro zhes bya ba'i mdo'i tshig gis so // / ","0.022#TD4047E.TXT.r#1216478#1216479#TD4047E.TXT.r_13526;TD4047E.TXT.r_13527# shes rab kyis 'dus byas rnams stong par mthong ba la GNAS PAR 'GYUR RO // / +snying rjes ni sems can rnams la tshad med pas gnas par 'gyur ro zhes bya ba'i don to // / ","0.022#TD4016.1E.TXT.r#463592#463592#TD4016.1E.TXT.r_1849# 'di ltar yi ge ni legs pa  brjod pas 'di zhes bya bar 'gyur la don ni skyon med pas bzhin zhes bya bar 'gyur ro zhe'o // / ","0.022#TD4035E.TXT.r#127714#127714#TD4035E.TXT.r_490;TD4035E.TXT.r_491# de der bzlog bar las kyi gnod pa rnam pa sna tshogs kyis gzir BAR 'GYUR TE / / +yongs su tsha ba chen pos kyang REG PAR 'GYUR RO // / ","0.023#TD4099E.TXT.r#118287#118287#TD4099E.TXT.r_2752;TD4099E.TXT.r_2753# ring dang rgyang ring byas pas dga' bar 'gyur // / +bdag gis dben par byas pas dga' bar 'gyur // / ","0.023#TD4032E.TXT.r#1954630#1954630#TD4032E.TXT.r_5381# THOS PA DE'I DON LA SNYING NAS 'JUG PAR  byed do zhes bya ba ni mdo la sogs pa'i CHOS THOS PA DE'I DON LA rigs pa'i stobs skyed pas / / ","0.024#TD4036E.TXT.r#61154#61154#TD4036E.TXT.r_9017;TD4036E.TXT.r_9018# des  na lhag pa'i bsam pas mya ngan las 'das pa la sems gtad du zin kyang zhi ba'i dbyings nyid mi 'dod cing yongs su gdung bar byed pa'i phyir sems 'jug par mi 'gyur / / +dang bar mi 'gyur / / ","0.024#TD4038.2E.TXT.r#3104683#3104683#TD4038.2E.TXT.r_1860;TD4038.2E.TXT.r_1861# de ni des dge ba yongs su rdzogs pa dang sbyor bar yang mi 'gyur la / / +de'i 'bras bu'i phan yon yang 'thob par mi 'gyur ro // / ","0.024#TD4088E.TXT.r#2825518#2825518#TD4088E.TXT.r_309;TD4088E.TXT.r_310;TD4088E.TXT.r_311# gzhan la yang gnod PAR 'GYUR LA / / +gnyi ga la yang gnod par 'gyur  te / / +shes rab 'gags par 'gyur ba dang  phongs par 'gyur ba'i phyogs dang mthun pa / / ","0.025#TD4016.1E.TXT.r#548643#548644#TD4016.1E.TXT.r_12799;TD4016.1E.TXT.r_12800;TD4016.1E.TXT.r_12801# gzhi des na nyon mongs pa'i kun nas nyon mongs  pas kyang nyon mongs par 'gyur / / +las kyi kun nas nyon mongs pas kyang nyon mongs par 'gyur la / / ","0.025#TD4037E.TXT.r#1373165#1373165#TD4037E.TXT.r_7590;TD4037E.TXT.r_7591# 'gyod pa yang sel bar byed de / / +don zab mo'i tshig kyang shes rab kyis rtogs par byas nas / / ","0.025#TD4037E.TXT.r#1322801#1322801#TD4037E.TXT.r_981;TD4037E.TXT.r_982;TD4037E.TXT.r_983# 'jug pa yang thogs pa med PAR 'GYUR RO // / +go cha'i sbyor ba yang BRTAN PAR 'GYUR TE / / +ji lta ji ltar  'khor ba na 'khor ba'i tshe / / ","0.025#TD4037E.TXT.r#1333250#1333250#TD4037E.TXT.r_2391;TD4037E.TXT.r_2392# byang chub sems  dpa' bsam par bya ba ma yin pa spong ba na rmongs pa dang sems gyengs par MI 'GYUR RO // / +rtag tu gus par byed pa'i sbyor bas rgyun du sems par byed na sngon ma rtogs pa'i don khong du chud cing thob par 'gyur la / / ","0.025#TD4074E.TXT.r#399017#399017#TD4074E.TXT.r_31;TD4074E.TXT.r_32;TD4074E.TXT.r_33# 'bad pa med par mngon shes lnga ru 'gyur // / +de dang mngon par ldan pa'i rnal 'byor pa // / +'gro ba'i don ni dpag tu med par byed // / ","0.025#TD4075E.TXT.r#2793786#2793786#TD4075E.TXT.r_39;TD4075E.TXT.r_40;TD4075E.TXT.r_41# 'bad pa med par mngon shes lnga ldan 'gyur // / +de dang mngon par ldan pa'i rnal 'byor pa // / +'gro ba'i don ni dpag tu med par byed // / ","0.027#TD4034.1E.TXT.r#975806#975806#TD4034.1E.TXT.r_10984;TD4034.1E.TXT.r_10985# de ltar byas na byang chub dam pa thob PAR 'GYUR TE / / +bla na med pa'i byang chub dam pa thob par 'gyur ro zhes bya ba'i don to // / ","0.029#TD4034.1E.TXT.r#945380#945380#TD4034.1E.TXT.r_7122;TD4034.1E.TXT.r_7123# mngon pa'i chos la mkhas na mdo sde rnams kyi don rtogs PAR 'GYUR TE / / +mdo sde'i don rtogs par byed ba'i phyir mngon pa'i chos zhes bya'o // / ","0.029#TD4034.1E.TXT.r#980790#980791#TD4034.1E.TXT.r_11580# gal te byang chub sems dpa' sems can gyi don dang phan pa'i ched du sems can dmyal ba'i gnas su 'jug cing dmyal bar gnas kyang dmyal ba'i sdug  bsngal bar ma dang tha mas gnod par mi 'gyur ba lta smos kyang ci dgos kyi dmyal ba'i sdug bsngal shin tu drag pos kyang de'i lus dang sems la gnod par mi 'gyur zhing bla na med pa'i bar du gcod par mi 'gyur ro zhes bya ba'i don to // / "
"559156","TD4027E.TXT.r_1230;TD4027E.TXT.r_1231;TD4027E.TXT.r_1232"," bsgoms pa las byung bas ni don 'grub par 'gyur te / / +sa la 'jug  pa yongs su sbyong ba'i phyir ro // / +de ni chos spyod rnam bcu dang / / ","0.017#TD4032E.TXT.r#1962778#1962782#TD4032E.TXT.r_6765;TD4032E.TXT.r_6766;TD4032E.TXT.r_6767;TD4032E.TXT.r_6768;TD4032E.TXT.r_6769# shes rab gsum gyis yid byed pa'o // / +zhes 'byung BA'I PHYIR RO // / +de bzhin du / / +de NI CHOS SPYOD RNAM BCU DANG / / ","0.023#TD4043E.TXT.r#363072#363073#TD4043E.TXT.r_1012;TD4043E.TXT.r_1013# bdag ni med par 'gyur ro snyam nas zhes bya ba ni bdag  chad par 'gyur ram 'on te chad par mi 'gyur zhing skye bar 'gyur ro snyam du sems shing ma 'ongs pa'i lus la mngon par dga' bar byed pa'o // / +mngon par spong bar byed kyi zhes bya ba ni 'jug bcom pa'i phyir te / / ","0.025#TD4046E.TXT.r#2201153#2201153#TD4046E.TXT.r_714;TD4046E.TXT.r_715# gal te lus dang longs spyod la lta bas 'dod pa che ba la sogs pa gsum dang du len par byed na nyes pa dang bcas PAR 'GYUR TE / / +byang chub sems dpa'i chos nyid dang 'gal ba'i phyir ro // / ","0.025#TD4016.3E.TXT.r#223178#223178#TD4016.3E.TXT.r_1202;TD4016.3E.TXT.r_1203;TD4016.3E.TXT.r_1204# tshig le 'ur byas pa las / / +de NI CHOS SPYOD RNAM BCU DANG / / +yang dag ldan par shes par bya // / ","0.026#TD4038.1E.TXT.r#2738475#2738476#TD4038.1E.TXT.r_5377# nyon mongs pa ni nam yang 'gog pa dang lam la dmigs par ma gyur dmigs par mi byed dmigs par mi 'gyur la khams mi 'dra ba la yang ma yin pa'i phyir ro // / ","0.026#TD4035E.TXT.r#170331#170332#TD4035E.TXT.r_8010;TD4035E.TXT.r_8011# ha cang btud de yid la  byed pa'i phyir ha cang brtun ngas PAR 'GYUR RO // / +ha cang brtun ngas pa'i nyes pas ni ha cang zhum par byed de / / ","0.026#TD4047E.TXT.r#1167790#1167790#TD4047E.TXT.r_6869;TD4047E.TXT.r_6870;TD4047E.TXT.r_6871# de'i phyir sems can mang po'i dgos pa nye bar gnas pa mthong nas sbyin par mi byed de / / +de ltar yang kha na ma tho bar yang  MI 'GYUR TE / / +nyes pa med pa'i phyir ro // / ","0.028#TD4093.1E.TXT.r#888821#888822#TD4093.1E.TXT.r_19544;TD4093.1E.TXT.r_19545# dga' ba ni shin tu sbyangs pa dang ldan par byed de / / +yid dga' ba'i lus shin tu sbyangs par 'gyur ro zhes 'byung ba'i phyir ro // / ","0.029#TD4093.2E.TXT.r#1986953#1986953#TD4093.2E.TXT.r_1195;TD4093.2E.TXT.r_1196# gang zag log par lta ba 'am bdag tu lta ba zhig gzhan dag la 'jig rten pha rol tu med pa 'am bdag yod  par ston par 'dod pas ngag skyes par byed pa'i sems kha phyir bltas pa bsgom pas spang bar bya ba rtog pa dang bcas shing dpyod pa dang bcas pas tshig tu smra bar byed kyi / / +lta ba dang mtshungs par ldan pas ni ma yin pa'i phyir na bar du chod par 'gyur ro // / "
"559166","TD4027E.TXT.r_1233;TD4027E.TXT.r_1234;TD4027E.TXT.r_1235"," yang dag ldan par shes par bya // / +yid la byed pa sgrub pa ste // / +de yang chos spyod pa rnam pa bcus yongs su gzung bar rig par bya'o // / ","0.018#TD4016.3E.TXT.r#223232#223233#TD4016.3E.TXT.r_1216# bstan bcos de las yid la byed pa yang dag par sgrub pa de YANG CHOS SPYOD PA RNAM PA BCUS YONGS SU 'DZIN pas so zhes 'byung bas so // / "
"559177","TD4027E.TXT.r_1236;TD4027E.TXT.r_1237"," chos spyod rnam pa bcu gang zhe na / / +yi ge 'dri mchod sbyin pa dang / / ","0.0#TD4016.3E.TXT.r#223186#223192#TD4016.3E.TXT.r_1205;TD4016.3E.TXT.r_1206;TD4016.3E.TXT.r_1207;TD4016.3E.TXT.r_1208;TD4016.3E.TXT.r_1209# BCU GANG ZHE NA / / +yi GE 'DRI MCHOD SBYIN PA DANG / / "
"559185","TD4027E.TXT.r_1238;TD4027E.TXT.r_1239;TD4027E.TXT.r_1240;TD4027E.TXT.r_1241"," nyan dang klog dang len pa    dang / / +'chad dang kha ton byed pa dang / / +de sems pa dang sgom pa'o // / +theg pa chen po'i ye ge 'dri ba dang  mchod pa dang  gzhan dgal sbyin pa dang  gzhan klog pa la nyan pa dang  bdag nyid klog pa dang  len pa dang  tshig dang don 'chad pa dang  kha ton byed pa dang  sems pa dang sgom  pa'o // / ","0.0#TD4016.3E.TXT.r#223210#223216#TD4016.3E.TXT.r_1213# YI GE 'DRI BA DANG  mchod pa dang  gzhan dag la sbyin pa dang  gzhan klog pa dang  nyan pa dang  BDAG NYID KLOG PA DANG  len pa dang  TSHIG DANG DON 'CHAD PA DANG  KHA TON BYED PA DANG   sems pa dang  bsgom pa'o zhes 'byung ba yin no zhes zer te / / ","0.019#TD4051E.TXT.r#1255999#1256001#TD4051E.TXT.r_3422;TD4051E.TXT.r_3423;TD4051E.TXT.r_3424# yi ge 'dri mchod SBYIN PA DANG / / +nyan DANG KLOG DANG 'DZIN PA DANG / / ","0.025#TD4021E.TXT.r#2101702#2101703#TD4021E.TXT.r_386;TD4021E.TXT.r_387;TD4021E.TXT.r_388# yang dag ldan par shes par bya // / +yi ge 'dri mchod SBYIN PA DANG / / +nyan DANG KLOG DANG LEN PA DANG / / "
"559211","TD4027E.TXT.r_1242;TD4027E.TXT.r_1243"," spyod pa de bcu'i bdag nyid ni // / +bsod nams phung po dpag tu med // / ","2.384#TD4032E.TXT.r#1954847#1954849#TD4032E.TXT.r_5420;TD4032E.TXT.r_5421;TD4032E.TXT.r_5422# sems pa dang sgom pa zhes    bya ba de dag gis ni yid kyi las rab tu ston to // / +spyod PA DE BCU'I BDAG NYID NI // / +bsod NAMS PHUNG PO DPAG TU MED // / ","0.013#TD4021E.TXT.r#2101714#2101714#TD4021E.TXT.r_391;TD4021E.TXT.r_392# SPYOD PA DE BCU'I BDAG  nyid ni // / +bsod NAMS PHUNG PO DPAG TU MED // / "
"559219","TD4027E.TXT.r_1244"," ci'i phyir mdo dag las theg pa chen po nyid kyi chos spyod pa ni shin tu 'bras bu che bar bstan gyi / / ","0.0#TD4032E.TXT.r#1954888#1954898#TD4032E.TXT.r_5425;TD4032E.TXT.r_5426;TD4032E.TXT.r_5427# sbyin pa dang  tshul khrims dang  bsam gtan la sogs pa'i chos 'dra bar bstan pa las / / +ci'i PHYIR MDO DAG LAS THEG PA CHEN PO NYID KYI CHOS SPYOD PA SHIN TU 'BRAS BU CHE BAR BSTAN GYI / / "
"559229","TD4027E.TXT.r_1245;TD4027E.TXT.r_1246;TD4027E.TXT.r_1247"," nyan thos kyi theg pa la ni ma yin zhe na / / +rnam pa gnyis kyi phyir te / / +khyad par phyir dang mi zad phyir // / "
"559237","TD4027E.TXT.r_1248;TD4027E.TXT.r_1249;TD4027E.TXT.r_1250"," khyad par phyir ni ci  lta bu // / +mi zad pa'i phyir ci lta bu zhe na / / +gzhan la phan 'dogs ma zhi'i phyir // / ","0.0#TD4021E.TXT.r#2101725#2101726#TD4021E.TXT.r_393;TD4021E.TXT.r_394;TD4021E.TXT.r_395# KHYAD PAR PHYIR DANG MI zad phyir // / +gzhan LA PHAN 'DOGS MA ZHI'I PHYIR // / "
"559249","TD4027E.TXT.r_1251;TD4027E.TXT.r_1252"," gzhan la phan 'dogs par zhugs pa'i phyir khyad par du 'phags so // / +yongs su mya ngan las 'das pa na yang zhi ba med cing rgyun mi 'chad pa'i phyir mi zad par rig par bya'o // / ","0.022#TD4021E.TXT.r#2101725#2101725#TD4021E.TXT.r_393;TD4021E.TXT.r_394# khyad par phyir dang mi zad phyir // / +gzhan la phan 'dogs ma zhi'i phyir // / "
"559262","TD4027E.TXT.r_1253;TD4027E.TXT.r_1254;TD4027E.TXT.r_1255"," yid la byed pa bsgrub pa bshad zin  to // / +rjes su mthun pa'i chos bsgrub pa gang zhe na / / +mi gyeng phyin ci ma log par // / ","0.029#TD4027E.TXT.r#559090#559091#TD4027E.TXT.r_1218;TD4027E.TXT.r_1219# DAM PA BSGRUB PA BSHAD ZIN TO // / +yid LA BYED PA BSGRUB PA GANG ZHE NA / / "
"559271","TD4027E.TXT.r_1256;TD4027E.TXT.r_1257;TD4027E.TXT.r_1258"," gyur pa rjes su mthun pa'i chos // / +rnam pa 'di gnyis ni rjes su mthun pa'i chos sgrub pa ste / / +'di ltar rnam par mi gyeng ba dang phyin ci ma log par gyur pa'o // / ","0.022#TD4016.3E.TXT.r#254944#254944#TD4016.3E.TXT.r_5090;TD4016.3E.TXT.r_5091# lam bsgom pa ni thos pa dang  bsam pa'i shes rab gnyis la brten nas khams gsum  gyi bsgom pas spang bar bya ba'i nyon mongs pa spong bar mi byed pa sbyor ba'i lam ring ba gang yin pa'o // / +de LA RNAM PAR MI GYENG BA'I dngos po DANG RNAM PAR MI GYENG BA'I gnas kyi dngos po zhes bya ba ni 'di lta ste / / ","0.022#TD4016.2E.TXT.r#2382911#2382911#TD4016.2E.TXT.r_8613;TD4016.2E.TXT.r_8614# bshad pa 'di dang sbyar na 'di ni bdag po'i dbang du byas pa'i rnam par bshad pa'o // / +de la nang gi rnam par  gyeng ba zhes bya ba ni mdo las gal te rmugs pa dang gnyid kyis bying ba'am / / ","0.023#TD4036E.TXT.r#39300#39300#TD4036E.TXT.r_5889# tshe 'di la spyad pa rnam par sbyor ba'i dmigs pas rnam par sbyang bar mi nus pa gang yin pa'o // / ","0.024#TD4026E.TXT.r#300791#300800#TD4026E.TXT.r_4596;TD4026E.TXT.r_4597;TD4026E.TXT.r_4598;TD4026E.TXT.r_4599# longs spyod la chags pa dang  bshol pa la chags pa dang  de tsam gyis chog par 'dzin pa la chags pa dang  len la re  pa la chags pa dang  rnam par smin pa la chags pa dang  de'i mi mthun pa'i phyogs la chags pa'i bag la nyal yang dag par ma bcom pa'i phyir mi mthun pa'i phyogs la chags pa dang  rnam par gyeng ba la chags pa'o // / +rnam par gyeng ba de yang rnam pa gnyis te / / ","0.028#TD4036E.TXT.r#13294#13294#TD4036E.TXT.r_1948;TD4036E.TXT.r_1949;TD4036E.TXT.r_1950;TD4036E.TXT.r_1951# 'dug nas rnam par bsngos pa'am / / +rnam par rnags pa'am / / +rnam par 'bus gzhigs pa'am / / +rnam par bam pa'am / / "
"559283","TD4027E.TXT.r_1259"," de la rnam par mi gyeng ba rnam pa drug med pa'i phyir mi  gyeng ba'o // / ","0.016#TD4035E.TXT.r#135284#135285#TD4035E.TXT.r_1814;TD4035E.TXT.r_1816;TD4035E.TXT.r_1815# rtsa ba'i dri dang  snying po'i dri dang  lo ma'i dri dang  me tog gi  dri dang  'bras bu'i dri'o // / +zas kyi dri dang  skom gyi dri dang  gos kyi dri dang  rgyan gyi dri dang  bzhon pa'i dri dang  gnas kyi dri'o // / ","0.025#TD4051E.TXT.r#1245970#1245971#TD4051E.TXT.r_1885;TD4051E.TXT.r_1886# gzugs la ji ltar bar rnam par shes pa'i bar du yang de bzhin du blta bar bya'o // / +de la  dngos po med pa'i mtshan ma'i rnam par gyeng ba'i rnam par rtog pa'i gnyen por bka' stsal pa / / ","0.026#TD4036E.TXT.r#33656#33659#TD4036E.TXT.r_5145;TD4036E.TXT.r_5146;TD4036E.TXT.r_5147;TD4036E.TXT.r_5148# 'di lta ste / / +bying ba'i mtshan ma dang  rgod pa'i mtshan ma  dang ; / +chags pa'i mtshan ma dang  rnam par gyeng ba'i mtshan ma'o // / ","0.028#TD4032E.TXT.r#1955142#1955142#TD4032E.TXT.r_5470# de LA GYENG BA RNAM PA DRUG MED PA'I PHYIR MI GYENG BA'O ZHES bya ba smos so // / "
"559291","TD4027E.TXT.r_1260;TD4027E.TXT.r_1261"," gyeng ba rnam pa drug ni / / +rang bzhin gyis rnam par gyeng ba dang  phyi rol tu rnam par gyeng ba dang  nang gi rnam par gyeng ba dang  mtshan ma'i rnam par gyeng ba dang  gnas ngan len gyi rnam par gyeng ba dang  yid la byed pa'i rnam par gyeng ba'o // / ","0.0#TD4016.2E.TXT.r#2382409#2382414#TD4016.2E.TXT.r_8553# ngo bo nyid KYI RNAM PAR GYENG BA DANG  PHYI ROL DU RNAM PAR GYENG BA DANG  NANG DU RNAM PAR GYENG BA DANG  MTSHAN MA'I RNAM PAR GYENG BA DANG  GNAS NGAN LEN GYI RNAM PAR GYENG BA DANG  YID LA BYED BA'I RNAM PAR GYENG BA'O ZHES 'byung ste / / ","0.0#TD4016.2E.TXT.r#2382575#2382579#TD4016.2E.TXT.r_8569# YID LA BYED PA'I RNAM  par gyeng ba dang  phyi rol du SEMS RNAM PAR GYENG BA DANG  nang du SEMS RNAM PAR GYENG BA DANG  MTSHAN MA'I RNAM PAR GYENG BA DANG  GNAS NGAN LEN GYI RNAM PAR GYENG BA'O ZHES bya ba ni gnyis pa grangs bzhin du ming bkod pa'o // / ","0.0#TD4038.2E.TXT.r#3116762#3116765#TD4038.2E.TXT.r_3598# YID LA BYED PA'I RNAM PAR GYENG BA DANG  phyi rol du  SEMS RNAM PAR GYENG BA DANG  nang du SEMS RNAM PAR GYENG BA DANG  MTSHAN MA'I RNAM PAR GYENG BA DANG  GNAS NGAN LEN GYI RNAM PAR GYENG BA'O // / ","0.0#TD4067E.TXT.r#1093328#1093337#TD4067E.TXT.r_1149# de yang rang bzhin gyis SEMS RNAM PAR GYENG BA DANG  PHYI ROL DU RNAM PAR GYENG BA DANG  NANG GI RNAM PAR GYENG BA DANG  MTSHAN MA'I RNAM PAR GYENG BA DANG  GNAS NGAN LEN GYIS RNAM PAR GYENG BA DANG  YID LA BYED PA'I RNAM    par gyeng ba'o ; / / ","0.017#TD4016.2E.TXT.r#2382911#2382911#TD4016.2E.TXT.r_8613;TD4016.2E.TXT.r_8614# bshad pa 'di dang sbyar na 'di ni bdag po'i dbang DU BYAS PA'I RNAM PAR bshad pa'o // / +de LA NANG GI RNAM PAR  gyeng ba zhes bya ba ni mdo las gal te rmugs pa dang gnyid kyis bying ba'am / / ","0.026#TD4047E.TXT.r#1161508#1161512#TD4047E.TXT.r_5935;TD4047E.TXT.r_5936# DON LA RNAM PAR GYENG BA DANG  yi ge LA RNAM PAR GYENG BA DANG  dran PA RNAM PAR GYENG BA DANG  YID LA BYED PA'I RNAM PAR GYENG BA'O // / "
"559313","TD4027E.TXT.r_1262;TD4027E.TXT.r_1263"," 'di dag gi mtshan nyid  ci lta bur rig par bya zhe na / / +ldang dang yul la 'jug pa dang / / "
"559321","TD4027E.TXT.r_1264;TD4027E.TXT.r_1265;TD4027E.TXT.r_1266"," de bzhin ro myang bying dang rgod // / +yid ches pa yi bsam pa dang / / +yid la byed pa ngar 'dzin dang / / ","0.0#TD4021E.TXT.r#2101734#2101746#TD4021E.TXT.r_396;TD4021E.TXT.r_397;TD4021E.TXT.r_398;TD4021E.TXT.r_399;TD4021E.TXT.r_400;TD4021E.TXT.r_401;TD4021E.TXT.r_402# gyur pa rjes su mthun pa'i chos // / +ldang dang yul la 'jug pa dang / / +de BZHIN RO MYANG BYING DANG RGOD // / "
"559330","TD4027E.TXT.r_1267;TD4027E.TXT.r_1268;TD4027E.TXT.r_1269"," chung ngu'i sems ni gyeng ba ste // / +blo ldan rnams kyis shes par bya // / +rnam par gyeng ba rnam pa drug gi mtshan nyid ni de lta bu yin te / / "
"559342","TD4027E.TXT.r_1270;TD4027E.TXT.r_1271"," de byang chub sems dpas yongs su shes par bya'o // / +de la ldang ba ni rnam par shes pa'i tshogs lnga rnams kyis ting nge 'dzin las ldang ba ste / / "
"559354","TD4027E.TXT.r_1272;TD4027E.TXT.r_1273"," rang bzhin gyis rnam par gyeng ba'o // / +yul la 'jug pa ni phyi rol tu rnam par gyeng ba'o // / "
"559364","TD4027E.TXT.r_1274;TD4027E.TXT.r_1275"," ting nge 'dzin gyi ro myang ba dang  bying ba dang  rgod pa ni nang gi     // / +rnam par gyeng ba'o // / ","5.960#TD4032E.TXT.r#1955281#1955282#TD4032E.TXT.r_5492# TING NGE 'DZIN GYI RO MYANG BA DANG BYING BA DANG RGOD PA NI NANG GI gyeng ba'o zhes bya ba la / / "
"559373","TD4027E.TXT.r_1276;TD4027E.TXT.r_1277"," yid ches pa'i bsam pa ni mtshan ma'i rnam par gyeng ba ste / / +de mtshan mar byas nas sbyor ba'i phyir ro // / ","0.012#TD4036E.TXT.r#33657#33657#TD4036E.TXT.r_5146;TD4036E.TXT.r_5147# bying ba'i mtshan ma dang  rgod pa'i mtshan ma  dang ; / +chags pa'i mtshan ma dang  rnam par gyeng ba'i mtshan ma'o // / ","0.012#TD4051E.TXT.r#1245970#1245971#TD4051E.TXT.r_1885;TD4051E.TXT.r_1886# gzugs la ji ltar bar rnam par shes pa'i bar du yang de bzhin du blta bar bya'o // / +de la  dngos po med PA'I MTSHAN MA'I RNAM PAR GYENG BA'I rnam par rtog pa'i gnyen por bka' stsal pa / / ","0.013#TD4051E.TXT.r#1251025#1251027#TD4051E.TXT.r_2657;TD4051E.TXT.r_2658# nges par rtog  pa'i rnam pa'i lta ba dmigs pa med pa'i rnam par 'jug pa'i yongs su rtog pa'o // / ","0.013#TD4035E.TXT.r#191113#191113#TD4035E.TXT.r_11526;TD4035E.TXT.r_11527# SEMS RNAM PAR GYENG BA LA / / +rnam par gyeng ba med pa'i sbyor ba bstan pa'i phyir lhag pa'i tshul  khrims kyi bslab pa dang  sems mnyam par gzhag pa la mnyam par gzhag pa'i sbyor ba bstan pa'i phyir / / ","0.014#TD4053E.TXT.r#2978564#2978564#TD4053E.TXT.r_1918# nga rgyal ni sems can rnams dang lta  ba log par rtog pa'o zhes bya ba ni chung du bas bdag che'o zhes bya ba la sogs pa'i rnam par 'byung ba'i phyir sems can rnams la log par rtog par rig par bya'o // / ","0.015#TD4088E.TXT.r#2837212#2837212#TD4088E.TXT.r_2525# de gal te mthong bas spang bar bya ba'i kun nas dkris pas kun nas dkris par gyur na ni mthong bas spang bar bya ba'i kun nas dkris pas kun nas dkris pas rnam par  smin pa nyams su myong ngo // / ","0.016#TD4062E.TXT.r#2963631#2963631#TD4062E.TXT.r_399# de yang yang srid par nying mtshams sbyor bar byed pa dag na lus nye bar len pa'i phyir len pa'i rnam par  shes pa zhes bya'o // / ","0.016#TD4054E.TXT.r#1025820#1025824#TD4054E.TXT.r_5762;TD4054E.TXT.r_5763# lam  'bring po'i chung ngu dang  'bring po'i 'bring po dang  'bring po'i chen po ste // / +gang gis sa dang na khams gsum na spyod pa'i nyon mongs pa'i rnam par 'bring po'i chen po dang  'bring po'i 'bring po dang  'bring po'i chung ngu spong ba'o // / ","0.017#TD4051E.TXT.r#1245800#1245802#TD4051E.TXT.r_1847;TD4051E.TXT.r_1848;TD4051E.TXT.r_1849# rnam par gyeng ba'i rnam par rtog pa zhes bya NI RNAM PAR GYENG BAR BYED par byed PAS RNAM PAR GYENG BA STE / / ","0.017#TD4069E.TXT.r#625924#625924#TD4069E.TXT.r_500;TD4069E.TXT.r_501# rga ba'i chos can yin no zhes bya ba ni lus 'di rga bar 'gyur ba'o zhes bya bar mngon no //// / +rnam par bshad pa'i rigs pa'i bshad pa bam po gnyis pa / / ","0.017#TD4038.2E.TXT.r#3125242#3125245#TD4038.2E.TXT.r_4687;TD4038.2E.TXT.r_4688# ma brjod pa dang  brjod pa dang  rnam par byang ba'i skyon yongs su ston pas de la mos pa dang  sgrub pa rnam par rmongs par byed pa dang  chos  smra ba'i gang zag rnams la gsang ba'i gnas rnam par dbye ba'i phyir rnam par rmongs par byed pa'o // / ","0.017#TD4047E.TXT.r#1161509#1161512#TD4047E.TXT.r_5935;TD4047E.TXT.r_5936# don LA RNAM PAR GYENG BA DANG  yi ge LA RNAM PAR GYENG BA DANG  dran PA RNAM PAR GYENG BA DANG  yid la byed PA'I RNAM PAR GYENG BA'O // / ","0.018#TD4093.2E.TXT.r#2082337#2082337#TD4093.2E.TXT.r_15138# bde ba'i snying pos bskyod pas de la rgyab kyis phyogs pa'i bsam pa mi srid pa'i phyir ro // / ","0.018#TD4051E.TXT.r#1245987#1245987#TD4051E.TXT.r_1888;TD4051E.TXT.r_1889# byang chub sems dpa' la stong pa nyid kyi rang bzhin YOD PA'I PHYIR RO // / +dngos po'i mtshan mar rnam par  rtog pa'i gnyen por bka' stsal pa / / ","0.018#TD4047E.TXT.r#1207137#1207137#TD4047E.TXT.r_12245;TD4047E.TXT.r_12246# gsum pas ni dge ba la rtag tu gus par byed pa'i phyir bag yod pa la gnas pa'o // / +bzhi pas ni 'khor bar  gtogs pa'i sbyor ba dang mya ngan las 'das par gtogs pa'i bsam pa dang ldan pa'o // / ","0.018#TD4048E.TXT.r#1689243#1689243#TD4048E.TXT.r_769# dngos po med PA'I MTSHAN MA'I RNAM PAR GYENG BA DANG  dngos PO'I MTSHAN MA'I RNAM PAR GYENG BA DANG  sgro  'dogs PA'I RNAM PAR GYENG BA DANG  skur pa 'debs PA'I RNAM PAR GYENG BA DANG  gcig pa nyid DU RNAM PAR GYENG BA DANG  tha dad pa nyid DU RNAM PAR GYENG BA DANG  ngo bo nyid DU RNAM PAR GYENG BA DANG  khyad par DU RNAM PAR GYENG BA DANG  ming ji lta ba bzhin du don DU RNAM PAR GYENG BA  dang ; / ","0.019#TD4093.1E.TXT.r#825973#825973#TD4093.1E.TXT.r_9884;TD4093.1E.TXT.r_9885# lta ba'i gnas yin pa'i phyir dang  'phags pa'i lam dang 'gal ba'i phyir ro // / +des na rnam par ltung ba'i gnas lta bur gzigs pas snyoms par mi 'jug go // / ","0.019#TD4029E.TXT.r#2147086#2147087#TD4029E.TXT.r_3468;TD4029E.TXT.r_3469;TD4029E.TXT.r_3470# de dag thob pa ni de thob pa'o // / +de thob par bya ba'i phyir rnam par gyeng ba'o // / ","0.020#TD4029E.TXT.r#2152109#2152109#TD4029E.TXT.r_4134;TD4029E.TXT.r_4135;TD4029E.TXT.r_4136# zhes bya ba ni 'gro ba rnam par chad pa'i ni ring ba'o // / +de ma thag pa'i ni nye ba'o // / +dus gzhan na sbyar bar bya ba'i ni ring ba'o // / ","0.020#TD4039E.TXT.r#1827423#1827423#TD4039E.TXT.r_1536;TD4039E.TXT.r_1537# thos pa dang  rang gis legs par zin pa dang   log par zin pa dang  yid ches pa'i lung dang  mngon sum dang  rjes su dpag pa'i yul dang  rang gi mtshan nyid dang  spyi'i mtshan nyid dang  ji lta ba bzhin du yod pa dang  ji snyed yod pa dang mthong ba dang  mthar thug pa'i sa la 'jug pa'o // / +yang dag  pa ji lta ba bzhin du yang dag par snang bar byed pa'i rnam pa dang ldan pa'i shes pa'i dmigs pa'i gzhi ni rnam pa bzhi ste / / ","0.020#TD4047E.TXT.r#1129677#1129677#TD4047E.TXT.r_1225;TD4047E.TXT.r_1226# rnam grangs gzhan yang 'khor ba'i sdug bsngal gyis mi ldog pas na brtan pa'o // / +sems can gnod pa byed pas ldog par mi 'gyur bas na snying por gyur pa'o // / ","0.020#TD4044E.TXT.r#390545#390546#TD4044E.TXT.r_1613# ma dad pa dad par byed pa'i phyir dang  bsam pa  dag par byed pa'i phyir dang  sbyor ba dag par byed pa'i don gyis so // / ","0.021#TD4090.1E.TXT.r#1611989#1611989#TD4090.1E.TXT.r_3015# 'phags pa  rnams ni 'di la rnam par ltung ba'i gnas lta bur gzigs pas 'du shes med pa'i snyoms par mi 'jug gi nges par 'byung ba'i 'du shes can dag ni de la snyoms par 'jug go // / ","0.022#TD4038.2E.TXT.r#3117027#3117028#TD4038.2E.TXT.r_3639;TD4038.2E.TXT.r_3640;TD4038.2E.TXT.r_3641;TD4038.2E.TXT.r_3642# sems kyi  len pa'i mtshan ma'am / / +myong ba'i mtshan ma'am / / +rnam par rig pa'i mtshan ma'am / / ","0.022#TD4034.1E.TXT.r#957006#957006#TD4034.1E.TXT.r_8612;TD4034.1E.TXT.r_8613# gzung 'dzin gyi chos thams cad stong par rtogs pa'i phyir ro // / +bag chags dang bcas pa'i nyon mongs pa rnam par sbyangs pas / / ","0.022#TD4038.2E.TXT.r#3103901#3103901#TD4038.2E.TXT.r_1775# 'bras bu la chags pa med pa'i bsam pa dang  sems can rnams la snying rje ba'i bsam pa dang  thams cad mkhyen pa'i ye shes yongs su rdzogs par bya ba'i bsam pas sbyin pa sbyin par byed pa'o // / ","0.023#TD4095E.TXT.r#71749#71749#TD4095E.TXT.r_1748;TD4095E.TXT.r_1749;TD4095E.TXT.r_1750# rnam smin 'bras bu tha ma'i yin // / +rnam par smin pa'i rgyu ni rnam par smin pa'i 'bras bu'o // / +bdag po'i 'bras bu dang po'i yin // / ","0.023#TD4060E.TXT.r#684049#684049#TD4060E.TXT.r_459;TD4060E.TXT.r_460;TD4060E.TXT.r_461# mdo'i sde dang  dbyangs kyis bsnyad pa'i sde dang   lung du bstan pa'i sde dang  tshigs su bcad pa'i sde dang  ched du brjod pa'i sde dang  gleng gzhi'i sde dang  rtogs pa brjod pa'i sde dang  de lta bu byung ba'i sde dang  skyes pa'i rabs kyi sde dang  shin tu rgyas pa'i sde dang  rmad du byung pa'i chos kyi sde dang  gtan la dbab par     // / +bstan pa'i sde'o zhes bya ba'o // / +rnam par bshad pa'i rigs pa'i mdo sde'i dum bu brgya rdzogs so //// / ","0.023#TD4098E.TXT.r#1394276#1394276#TD4098E.TXT.r_687# chen po'i chen po dang  chen po'i 'bring po dang  chen po'i chung ngu dang  'bring po'i chen po dang  'bring po'i 'bring po dang  'bring po'i chung ngu dang   chung ngu'i chen po dang  chung ngu'i 'bring po dang  chung ngu'i chung ngu'o // / ","0.023#TD4065E.TXT.r#433885#433885#TD4065E.TXT.r_939;TD4065E.TXT.r_940# 'jig rten las 'das pa rnam par mi rtog pa'i    ye shes thob ces bya ba ni 'jig rten dang mi mthun pas 'jig rten las 'das pa'o // / +gzung ba dang 'dzin pa'i rnam par rtog pa med pa'i phyir rnam par mi rtog pa'o // / ","0.023#TD4035E.TXT.r#197765#197765#TD4035E.TXT.r_12736;TD4035E.TXT.r_12737# bde bar tshor ba dang  tshor ba'i rnam pa mi bde bar tshor ba'am / / +tshe phyi ma'i nyon mongs par gtogs pa'i legs par spyod pa dang  nyes par spyod pa la brten te skyes pa'i tshor ba'i rnam pa bde bar tshor ba dang  tshor ba'i rnam pa mi bde bar tshor ba'o // / ","0.024#TD4050E.TXT.r#1117931#1117931#TD4050E.TXT.r_2959;TD4050E.TXT.r_2960# gang gi phyir tshig gis bstan par mi nus pa dang  'jig rten  pa'i shes pas shes par mi nus pa'i phyir ro // / +yang rnam pa mi rtog pa'i rjes las thob pa de yang rab tu dbye ba rnam pa lnga blta bar bya ba yin pas rtogs pa dang  rjes su dran pa dang  rnam par gzhag pa dang  'dres pa dang  'byor ba la dpyod pa tha dad pa'i phyir ro zhes bya ba la / / ","0.025#TD4070E.TXT.r#2820771#2820771#TD4070E.TXT.r_2927;TD4070E.TXT.r_2928# 'jig rten las 'das pa'i ye shes kyi stobs kyis rnyed pa'i phyir dag pa'o // / +gzung ba dang 'dzin pa'i rnam par 'byung bas 'jig  rten pa'o // / ","0.025#TD4069E.TXT.r#632111#632111#TD4069E.TXT.r_1331# lhag mthong la zhugs pa'i ni rnam par ma zhig pa dang  ma nges pa'i skyon yod pa'i phyir ni rnam par ma zhi ba'i skyon yod pa'i phyir dang  ma nges pa'i skyon YOD PA'I PHYIR RO // / ","0.025#TD4010E.TXT.r#2274602#2274602#TD4010E.TXT.r_5625# gzhan gyi sems shes pa dang  gcad pa dang  dbug pa'i rang bzhin nges par rtogs pa'i phyir sems can ma lus pa'i  don yang dag par rdzogs par byed pa'o zhes bya ba'o // / ","0.026#TD4032E.TXT.r#1962798#1962798#TD4032E.TXT.r_6772;TD4032E.TXT.r_6773# rnam pa gang gis zhi gnas bsgom pa la gyeng ba med par gyur pa zhes bya ba ni gyeng ba ni rnam par drug med pa'i phyir ro // / +lhag mthong bsgom pa la phyin ci ma log par 'gyur ba'o zhes bya ba ni / / ","0.026#TD4016.2E.TXT.r#2350814#2350814#TD4016.2E.TXT.r_4626# bzhi po 'di dag ni gzugs can gyi chos thams cad las yang dag par 'das pa'i phyir dang  gzugs can gyi chos    thams cad rab tu nyams par byas pa'i phyir dang  gzugs kyi chos 'dir skye ba'i skabs med pa'i phyir gzugs med pa zhes bya'o zhes 'byung ngo // / ","0.026#TD4090.2E.TXT.r#1069484#1069484#TD4090.2E.TXT.r_2793;TD4090.2E.TXT.r_2794# lam ni rigs mang ba'i phyir / / +mthong bas spang ba'i gnyen por thams cad bsgom par mi nus pas khyad par cher yod do // / ","0.026#TD4037E.TXT.r#1332812#1332812#TD4037E.TXT.r_2327# sems can rnams kyis gces par bya ba bskyed pa'i phyir dang  bzo dang las kyi gnas shes pa sbyin pa'i phan 'dogs pas bsdus pa'i phyir ro // / ","0.026#TD4092.2E.TXT.r#2625944#2625944#TD4092.2E.TXT.r_11139;TD4092.2E.TXT.r_11140# de med pa'i phyir ro // / +sa 'og ma pa'i zag pa med pa'i shes pa bsam gtan gnyis pa'i sa pa dang  bsam gtan dang po'i sa pa dang  mi lcogs pa med pa'i sa pa de lta bu ni 'thob po // / ","0.026#TD4032E.TXT.r#1957985#1957985#TD4032E.TXT.r_5984;TD4032E.TXT.r_5985;TD4032E.TXT.r_5986# 'khrul pa'i rgyu mthun pa'i zhes bya ba'i tshig gi lhag ma'o // / +ma 'khrul ba'i rgyu mthun pa'i ma 'khrul ba ni / / +ma 'khrul pa'i 'bras bu'i phyir ma 'khrul ba'i 'bras bu ni RNAM PAR BYANG BA STE / / ","0.026#TD4067E.TXT.r#1093398#1093398#TD4067E.TXT.r_1156;TD4067E.TXT.r_1157;TD4067E.TXT.r_1158# ting nge 'dzin la zhugs pa'i tshe bying ba dang  rgod pa dang   ro myong bar byed pa'o // / +ting nge 'dzin du ltung ba'i phyir nyes pa'o // / +mtshan MA'I RNAM PAR GYENG BA GANG zhe na / / ","0.027#TD4057E.TXT.r#1399751#1399751#TD4057E.TXT.r_321;TD4057E.TXT.r_322;TD4057E.TXT.r_323# ji ltar de brjod du med pa'i bdag nyid du sangs rgyas kyi spyod yul du gyur pa de ltar des ma shes pa'i phyir de gnyi ga yang don ji lta ba bzhin ma yin te / / +log par SNANG BA'I PHYIR RO // / +gzung ba dang 'dzin pa'i rnam par rtog pa ma spangs pa'i phyir ro // / ","0.028#TD4016.2E.TXT.r#2349255#2349255#TD4016.2E.TXT.r_4407# 'di ltar shes rab kyi dbang gi phyir gzugs brnyan mtshan ma dang bcas pa'i yul legs par ma rtogs pa dag legs par bya ba'i phyir yid la byed pa  gang yin pa'o // / ","0.029#TD4034.2E.TXT.r#2875946#2875946#TD4034.2E.TXT.r_1178;TD4034.2E.TXT.r_1179# yid la byed pa'i gyeng ba dang  rnam par rtog pa'i gyeng ba'o // / +de la yid la byed pa'i gyeng ba ni sbyin pa la sogs pa nyan thos kyi mya ngan las 'das pa thob par bya ba'i phyir spyod cing bsngo  ba ste / / ","0.029#TD4018E.TXT.r#3067175#3067175#TD4018E.TXT.r_8187# rang bzhin gyis gsal ba'i chud pa'i chos thams cad la 'dzin pa dang  gzung ba'i rnam par dben par mthong ba'i phyir rin po che dang  gser la sogs pa dben pa bzhin du blo bur gyi nyes pa yongs su zad nas dngos po dang  dngos po med pa'i  rnam par rtog pa'i dri ma thams cad dang bral ba'i phyir dri ma med pa kho na ste / / "
"559382","TD4027E.TXT.r_1278;TD4027E.TXT.r_1279"," ngar 'dzin pa dang bcas pa'i yid la byed pa na gnas ngan len gyi rnam par gyeng ba ste / / +gnas ngan len gyi dbang gis nga'o snyam pa'i nga rgyal kun  tu 'byung ba'i phyir ro // / "
"559396","TD4027E.TXT.r_1280;TD4027E.TXT.r_1281"," dman pa'i sems ni yid la byed pa'i rnam par gyeng ba ste / / +theg pa dman pa yid la byed pa kun tu 'byung ba'i phyir ro // / ","0.020#TD4092.2E.TXT.r#2542057#2542061#TD4092.2E.TXT.r_915;TD4092.2E.TXT.r_916# sems gzhan dang ldan pa dang sems med pa'ang  rjes su 'jug pa'i phyir ro zhes bya ba ni rnam par gyeng sems med pa'i yang // / ","0.022#TD4038.1E.TXT.r#2759386#2759386#TD4038.1E.TXT.r_8304;TD4038.1E.TXT.r_8305# de dag nyid kyi SEMS RNAM PAR GYENG BA DANG ldan pa'o // / +yongs su ma rdzogs pa'i phyir mnyam par ma bzhag pa yang yod de / / ","0.025#TD4054E.TXT.r#997350#997350#TD4054E.TXT.r_963# yang dang yang nying mtshams sbyor ba'i lus len pa'i phyir kun du len pa'i rnam par shes pa'o // / ","0.029#TD4053E.TXT.r#2978564#2978564#TD4053E.TXT.r_1918# nga rgyal ni sems can rnams dang lta  ba log par rtog pa'o zhes bya ba ni chung du bas bdag che'o zhes bya ba LA SOGS PA'I RNAM PAR 'byung ba'i phyir sems can rnams la log par rtog par rig par bya'o // / "
"559405","TD4027E.TXT.r_1282;TD4027E.TXT.r_1283;TD4027E.TXT.r_1284"," de la phyin ci ma log pa'i dngos po ni rnam pa bcus rig par bya ste / / +'di lta ste / / +yi ge don dang yid byed dang / / ","0.0#TD4032E.TXT.r#1955586#1955587#TD4032E.TXT.r_5540;TD4032E.TXT.r_5541;TD4032E.TXT.r_5542# 'di lta ste / / +yi GE DON DANG YID BYED DANG / / +mi 'phro ba dang mtshan nyid gnyis // / "
"559415","TD4027E.TXT.r_1285;TD4027E.TXT.r_1286;TD4027E.TXT.r_1287;TD4027E.TXT.r_1288"," mi 'phro ba dang mtshan nyid gnyis // / +ma dag dag dang glo bur dang / / +mi sdang ba dang khengs pa med // / +de la / / ","0.0#TD4021E.TXT.r#2101754#2101761#TD4021E.TXT.r_403;TD4021E.TXT.r_404;TD4021E.TXT.r_405;TD4021E.TXT.r_406;TD4021E.TXT.r_407# yi ge don dang yid byed dang / / +mi 'phro BA DANG MTSHAN NYID GNYIS // / "
"559423","TD4027E.TXT.r_1289;TD4027E.TXT.r_1290"," 'brel ba'i phyir dang 'dris phyir dang / / +ma 'brel phyir dang ma 'dris phyir // / ","0.0#TD4021E.TXT.r#2101762#2101769#TD4021E.TXT.r_406;TD4021E.TXT.r_407;TD4021E.TXT.r_408;TD4021E.TXT.r_409# mi sdang ba  dang khengs pa med // / +'brel PA'I PHYIR DANG 'DRIS PHYIR DANG / / ","0.025#TD4032E.TXT.r#1955603#1955603#TD4032E.TXT.r_5544;TD4032E.TXT.r_5545# da ni gzhi de dag  la ji ltar phyin ci ma log par gyur pa de bstan pa'i phyir de la / / +'brel PA'I PHYIR DANG 'DRIS PHYIR DANG / / "
"559431","TD4027E.TXT.r_1291;TD4027E.TXT.r_1292;TD4027E.TXT.r_1293"," don yod pa dang med pa ste // / +de ni yi ge ma log pa'o // / +yi ge rnams dang 'brel te rgyun mi 'chad par brjod pa dang  'di'i ming ni 'di zhes bya'o  zhes 'dris pas don yod pa nyid do // / ","0.0#TD4021E.TXT.r#2101768#2101769#TD4021E.TXT.r_407;TD4021E.TXT.r_408;TD4021E.TXT.r_409# 'brel pa'i phyir dang 'dris phyir dang / / +ma 'brel phyir dang ma 'dris phyir // / +don YOD PA DANG MED PA STE // / "
"559445","TD4027E.TXT.r_1294"," bzlog pa ni don med pa nyid do zhes de ltar mthong ba gang yin pa de ni yi ge la phyin ci ma log par rig par bya'o // / "
"559453","TD4027E.TXT.r_1295;TD4027E.TXT.r_1296;TD4027E.TXT.r_1297"," don la phyin ci ma log pa ji lta bu zhe na / / +gnyis su snang bar gyur pa ni // / +de ltar yod pa ma yin te // / "
"559461","TD4027E.TXT.r_1298;TD4027E.TXT.r_1299;TD4027E.TXT.r_1300"," de ni don la ma log par // / +yod dang med pa rnam par  spangs // / +gnyis ni gzung ba dang 'dzin par snang ba ste de'i rnam phar 'byung ba'i phyir ro // / ","0.029#TD4032E.TXT.r#1956111#1956111#TD4032E.TXT.r_5639;TD4032E.TXT.r_5640;TD4032E.TXT.r_5641# de ltar yod pa ma yin te // / +de ni  DON LA MA LOG PA // / +yod DANG MED PA RNAM PAR SPANGS // / "
"559475","TD4027E.TXT.r_1301;TD4027E.TXT.r_1302"," ji ltar snang ba de ltar ni yod pa ma yin te / / +de ltar don la mthong ba gang yin pa de ni de la phyin ci ma log pa'o // / "
"559485","TD4027E.TXT.r_1303;TD4027E.TXT.r_1304"," don gyi yod pa spangs pa ni gzung ba dang 'dzin pa dngos po med pa'i phyir ro // / +med pa spangs pa ni der snang ba'i  'khrul pa yod pa'i phyir ro // / ","0.0#TD4032E.TXT.r#1955820#1955827#TD4032E.TXT.r_5587;TD4032E.TXT.r_5588;TD4032E.TXT.r_5589;TD4032E.TXT.r_5590# GZUNG BA DANG 'DZIN PA'I DNGOS PO MED PA'I PHYIR  ro zhes bya ba'o // / +don gyi yod PA NI GZUNG BA DANG 'DZIN PA YOD pa'o // / "
"559497","TD4027E.TXT.r_1305;TD4027E.TXT.r_1306;TD4027E.TXT.r_1307"," rtog pa de yis bsgos pa yi // / +rtog pa yid byed de'i gnas ni // / +yid la byed pa ma log pa // / ","0.0#TD4021E.TXT.r#2101787#2101791#TD4021E.TXT.r_415;TD4021E.TXT.r_416;TD4021E.TXT.r_417;TD4021E.TXT.r_418# RTOG PA DE YIS BSGOS PA YI // / +rtog PA YID BYED DE'I GNAS NI // / ","0.0#TD4032E.TXT.r#1955869#1955870#TD4032E.TXT.r_5596;TD4032E.TXT.r_5597;TD4032E.TXT.r_5598# da ni  gzung ba dang 'dzin pa'i rgyu kun gzhi rnam par shes pa la phyin ci ma log par bstan pa'i phyir / / +rtog PA DE YIS BSGOS PA YI // / +rtog PA YID BYED DE'I GNAS NI // / "
"559505","TD4027E.TXT.r_1308;TD4027E.TXT.r_1309"," gnyis su snang ba'i rgyu la'o // / +gzung ba dang 'dzin par rtog pas yongs su bsgos pa ni rtog pa'i yid la byed pa ste / / "
"559514","TD4027E.TXT.r_1310;TD4027E.TXT.r_1311"," gzung ba dang 'dzin pa rnam par rtog pa de'i rten yin  pas / / +'di ni yid la byed pa la phyin ci ma log pa'o // / "
"559522","TD4027E.TXT.r_1312;TD4027E.TXT.r_1313"," yid la byed pa gang la phyin ci ma log ce na / / +gzung ba dang 'dzin pa gnyis su snang ba'i rgyu la ste / / "
"559530","TD4027E.TXT.r_1314;TD4027E.TXT.r_1315"," rtog pa yid la byed pa de ni brjod pa'i 'du shes kyis yongs su bsgos pa'i phyir ro // / +don gyi med dang yod pa ste // / ","0.0#TD4032E.TXT.r#1956081#1956084#TD4032E.TXT.r_5632;TD4032E.TXT.r_5633;TD4032E.TXT.r_5634# nga ni mi 'phro ba la phyin ci ma log par  bstan pa'i phyir / / +don GYI MED DANG YOD PA STE // / ","0.022#TD4032E.TXT.r#1956000#1956002#TD4032E.TXT.r_5618;TD4032E.TXT.r_5619# ji ltar 'di gzung ba dang 'dzin par snang ba'i rgyur 'gyur ba de bstan pa'i phyir / / +rtog PA YID LA BYED PA NI BRJOD PA'I 'DU SHES KYIS YONGS SU BSGOS PA'I PHYIR RO ZHES bya ba smos te / / ","0.022#TD4032E.TXT.r#1956020#1956024#TD4032E.TXT.r_5622;TD4032E.TXT.r_5623# yang na RTOG PA'I YID LA BYED PA ZHES brjod pa 'jug pa'i rgyu yin par bstan pa'i phyir / / "
"559540","TD4027E.TXT.r_1316;TD4027E.TXT.r_1317;TD4027E.TXT.r_1318"," sgyu ma la sogs bzhin du 'dod // / +de ni mi 'phro ma log ste // / +yod dang med pa mi 'phro'i phyir // / ","0.0#TD4021E.TXT.r#2101800#2101815#TD4021E.TXT.r_419;TD4021E.TXT.r_420;TD4021E.TXT.r_421;TD4021E.TXT.r_422;TD4021E.TXT.r_423;TD4021E.TXT.r_424;TD4021E.TXT.r_425# don gyis med dang yod pa ste // / +sgyu MA LA SOGS BZHIN DU 'DOD // / ","0.0#TD4032E.TXT.r#1956083#1956084#TD4032E.TXT.r_5632;TD4032E.TXT.r_5633;TD4032E.TXT.r_5634# nga NI MI 'PHRO BA LA phyin ci ma log par  bstan pa'i phyir / / +don gyi med dang yod pa ste // / +sgyu MA LA SOGS BZHIN DU 'DOD // / "
"559550","TD4027E.TXT.r_1319"," don gyi med pa dang yod pa gong du bshad ma thag pa gang yin pa de ni sgyu ma la sogs pa bzhin du 'dod de / / ","0.0#TD4032E.TXT.r#1956094#1956095#TD4032E.TXT.r_5636# DON GYI YOD PA DANG MED PA GONG DU BSHAD MA THAG PA GANG YIN PA ZHES bya ba la / / "
"559562","TD4027E.TXT.r_1320;TD4027E.TXT.r_1321"," dper na sgyu ma'i glang po che la sogs pa'i dngos por yod pa yang ma yin la / / +de'i 'khrul pa tsam du yod pa'i phyir med pa yang ma yin  no ;; / ","0.029#TD4027E.TXT.r#553113#553114#TD4027E.TXT.r_67;TD4027E.TXT.r_68# 'di ltar ji ltar snang ba 'byung ba de ni de bzhin du yod pa MA YIN NO // / +'khrul pa tsam du 'byung ba'i phyir YE MED PA YANG MA YIN NO // / "
"559574","TD4027E.TXT.r_1322;TD4027E.TXT.r_1323"," de bzhin du don kyang ji ltar gzung ba dang 'dzin par snang ba ltar yod pa ma yin la / / +de la 'khrul pa tsam du yod pa'i phyir med pa yang ma yin no // / ","0.0#TD4032E.TXT.r#1956180#1956185#TD4032E.TXT.r_5656;TD4032E.TXT.r_5657# de lta bur snang ba DE 'KHRUL PA TSAM DU    YOD PA'I PHYIR MED PA'ANG MA YIN NO // / +sogs pa zhes bya ba'i sgras ni smig rgyu dang rmi lam dang  chu zla la sogs pa chu dang skyes pa dang bud med kyi bdag nyid du ji ltar snang ba de bzhin DU YOD PA MA YIN LA / / ","0.021#TD4032E.TXT.r#1956196#1956197#TD4032E.TXT.r_5657;TD4032E.TXT.r_5658# sogs pa zhes bya ba'i sgras ni smig rgyu dang rmi lam dang  chu zla la sogs pa chu dang skyes pa dang bud med kyi bdag nyid du ji ltar snang ba de bzhin DU YOD PA MA YIN LA / / +de LA 'KHRUL PA TSAM DU YOD PA'I PHYIR MED PA'ANG MA YIN NO // / "
"559587","TD4027E.TXT.r_1324"," sogs pa zhes bya ba'i sgras ni smig rgyu dang  rmi lam dang chu zla la sogs pa'i dpe rnams te ci rigs su rig par bya'o // / "
"559598","TD4027E.TXT.r_1325"," de ltar don la sgyu ma la  sogs pa lta bur mthong nas sems mi 'phro bar mthong ba gang yin pa de ni mi 'phro ba la phyin ci ma log pa ste / / "
"559610","TD4027E.TXT.r_1326;TD4027E.TXT.r_1327"," des yod pa dang med pa la sems 'phro ba med pa'i phyir ro // / +rtog pa thams cad mi 'jug phyir // / ","0.0#TD4032E.TXT.r#1956290#1956292#TD4032E.TXT.r_5675;TD4032E.TXT.r_5676;TD4032E.TXT.r_5677# da ni rang gi mtshan nyid la phyin ci ma log pa bstan pa'i phyir / / +rtog PA THAMS CAD MI 'JUG PHYIR // / "
"559620","TD4027E.TXT.r_1328;TD4027E.TXT.r_1329;TD4027E.TXT.r_1330"," thams cad ming tsam kho na ste // / +rang gi mtshan nyid ma log pa'o // / +gang 'di mig dang gzugs  rnams nas / / ","0.0#TD4032E.TXT.r#1956291#1956292#TD4032E.TXT.r_5675;TD4032E.TXT.r_5676;TD4032E.TXT.r_5677# da ni rang gi mtshan nyid la phyin ci ma log pa bstan pa'i phyir / / +rtog pa thams cad mi 'jug phyir // / +thams CAD MING TSAM KHO NA STE // / ","0.0#TD4032E.TXT.r#1956303#1956309#TD4032E.TXT.r_5679;TD4032E.TXT.r_5680# gang 'di MIG DANG GZUGS RNAMS NAS / / +yid dang chos rnams zhes bya ba'i bar 'di dag thams cad ni ming tsam mo / / "
"559631","TD4027E.TXT.r_1331"," yid dang chos rnams zhes bya ba'i bar 'di dag thams cad ni ming tsam mo zhes de ltar gang shes pa ni rnam par rtog pa thams cad kyi gnyen po yin pas 'di ni rang gi mtshan nyid la phyin ci ma log pa'o // / ","0.0#TD4032E.TXT.r#1956366#1956372#TD4032E.TXT.r_5689;TD4032E.TXT.r_5691# don gyi ngo bo nyid ma yin pas mig dang gzugs nas yid dang  CHOS RNAMS ZHES BYA BA'I BAR DAG NI MING TSAM MO     // / +de LTAR GANG SHES PA NI RNAM PAR RTOG PA THAMS CAD KYI GNYEN PO YIN PAS 'DI NI RANG GI MTSHAN NYID LA PHYIN CI MA LOG PA'O ZHES bya ba ni kun brtags pa'i chos kyi sgo nas / / ","0.022#TD4088E.TXT.r#2825256#2825256#TD4088E.TXT.r_265;TD4088E.TXT.r_266# mig gis gzugs rnams mthong ba nas / / +yid kyi chos rnams rnam par shes pa'i bar gyis sems pa gang yin pa nas / / ","0.022#TD4088E.TXT.r#2826834#2826834#TD4088E.TXT.r_506;TD4088E.TXT.r_507# 'di ltar chags pa dang  sdang ba dang  rmongs pas tshul bzhin ma yin pa dang  so sor ma brtags par mig gis gzugs rnams mthong ba nas / / +yid kyis chos rnams rnam par shes pa'i bar gyi sems  pa gang yin pa nas / / ","0.022#TD4088E.TXT.r#2827004#2827004#TD4088E.TXT.r_532;TD4088E.TXT.r_533# mig gis gzugs rnams mthong ba nas / / +yid kyis chos rnams rnam par shes pa'i bar gyi sems pa  gang yin pa nas / / ","0.023#TD4092.2E.TXT.r#2608265#2608265#TD4092.2E.TXT.r_9000# mig dang  gzugs RNAMS ZHES BYA BA NAS YID DANG CHOS RNAMS SO ZHES BYA BA'I BAR LTA bu ste / / ","0.028#TD4032E.TXT.r#1956359#1956360#TD4032E.TXT.r_5689# don gyi ngo bo nyid ma yin pas mig dang gzugs nas yid dang  CHOS RNAMS ZHES BYA BA'I BAR DAG NI MING TSAM MO     // / ","0.028#TD4039E.TXT.r#1829120#1829120#TD4039E.TXT.r_1748# des  kyang mos pa'i rgyus mig gis shes par bya ba'i gzugs rnams nas yid kyis shes par bya ba'i chos rnams kyi bar dag la bdag tu 'dzin pa dang  bdag gir 'dzin pa'i mtshan ma kun tu spyod pa'i sgo nas spangs par yang dag par mthong ngo // / "
"559649","TD4027E.TXT.r_1332;TD4027E.TXT.r_1333;TD4027E.TXT.r_1334"," rang gi mtshan nyid gang la zhe na / / +don dam rang gi mtshan nyid la'o // / +kun rdzob tu ni  'di ming tsam mo zhes 'dzin pa med do // / "
"559662","TD4027E.TXT.r_1335;TD4027E.TXT.r_1336;TD4027E.TXT.r_1337"," chos kyi dbyings ni ma gtogs par // / +'di ltar chos yod ma yin te // / +de'i phyir spyi yi mtshan nyid der // / ","0.020#TD4021E.TXT.r#2101826#2101828#TD4021E.TXT.r_427;TD4021E.TXT.r_428;TD4021E.TXT.r_429# CHOS KYI DBYINGS NI MA GTOGS PAR // / +'di ltar chos yod ma  yin te // / +de PHYIR SPYI YI MTSHAN NYID DER // / "
"559671","TD4027E.TXT.r_1338;TD4027E.TXT.r_1339;TD4027E.TXT.r_1340"," de ni phyin ci ma log pa'o // / +chos la bdag med pa las ma gtogs par chos gang med de / / +de bas na chos kyi dbyings ni chos thams cad kyi spyi'i  mtshan nyid do zhes de ltar shes pa gang yin pa de ni spyi'i mtshan nyid la phyin ci ma log pa'o // / "
"559688","TD4027E.TXT.r_1341;TD4027E.TXT.r_1342;TD4027E.TXT.r_1343;TD4027E.TXT.r_1344"," phyin ci log gi yid la byed // / +ma spangs pa dang spangs pa las // / +de ni ma dag rnam dag ste // / +de yang de la ma log pa'o // / ","0.0#TD4021E.TXT.r#2101835#2101838#TD4021E.TXT.r_430;TD4021E.TXT.r_431;TD4021E.TXT.r_432;TD4021E.TXT.r_433;TD4021E.TXT.r_434# de ni phyin CI MA LOG PA'O // / +phyin CI LOG GI YID LA BYED // / +ma SPANGS PA DANG SPANGS PA LAS // / ","0.023#TD4032E.TXT.r#1956548#1956548#TD4032E.TXT.r_5727;TD4032E.TXT.r_5728;TD4032E.TXT.r_5729# da ni  chos kyi dbyings rnam par ma dag pa dang  rnam par dag pa la phyin ci ma log par bstan pa'i phyir / / +phyin CI LOG GI YID LA BYED // / +ma SPANGS PA DANG SPANGS PA LAS // / "
"559698","TD4027E.TXT.r_1345;TD4027E.TXT.r_1346"," phyin ci log gi yid la byed pa ma spangs pa ni chos kyi dbyings de rnam par ma  dag pa'o // / +spangs pa ni rnam par dag pa'o zhes de ltar shes pa gang yin pa de ni rnam par ma dag pa dang  rnam par dag pa la phyin ci ma log pa ste go rims bzhin no // / ","0.023#TD4032E.TXT.r#1956575#1956576#TD4032E.TXT.r_5735;TD4032E.TXT.r_5736;TD4032E.TXT.r_5737# DE MA SPANGS PA NI CHOS KYI DBYINGS RNAM PAR MA DAG PA'O // / +spangs PA NI RNAM PAR DAG PA STE / / +de LTAR SHES PA GANG YIN PA DE NI RNAM PAR MA DAG PA DANG  rnam  PAR DAG PA LA PHYIN CI MA LOG PA STE / / "
"559714","TD4027E.TXT.r_1347;TD4027E.TXT.r_1348;TD4027E.TXT.r_1349"," chos kyi dbyings ni rang bzhin gyis // / +rnam par dag phyir nam mkha' bzhin // / +gnyis ni glo bur byung ba ste // / ","0.0#TD4021E.TXT.r#2101849#2101851#TD4021E.TXT.r_436;TD4021E.TXT.r_437;TD4021E.TXT.r_438# rnam  PAR DAG PHYIR NAM MKHA' BZHIN // / +gnyis NI GLO BUR BYUNG BA STE // / ","0.028#TD4032E.TXT.r#1956634#1956634#TD4032E.TXT.r_5746;TD4032E.TXT.r_5747;TD4032E.TXT.r_5748# da ni chos kyi dbyings rnam par dag pa dang  rnam par ma dag pa glo bur du 'byung ba la phyin ci ma log pa bstan pa'i phyir // / +chos KYI DBYINGS NI RANG BZHIN GYIS // / +rnam PAR DAG PHYIR NAM MKHA' BZHIN // / "
"559723","TD4027E.TXT.r_1350;TD4027E.TXT.r_1351;TD4027E.TXT.r_1352"," de yang de la ma     // / +log pa'o // / +chos kyi dbyings ni nam mkha' bzhin du rang bzhin gyis rnam par dag pa'i phyir rnam par ma dag pa dang  phyis rnam par dag ces bya ba 'di gnyis kyang glo bur yin par de ltar shes pa gang yin pa de ni glo bur du byung ba nyid la phyin ci ma log pa'o // / ","0.026#TD4021E.TXT.r#2101851#2101851#TD4021E.TXT.r_436;TD4021E.TXT.r_437;TD4021E.TXT.r_438# rnam  par dag phyir nam mkha' bzhin // / +gnyis ni glo bur byung ba ste // / +de YANG DE LA MA LOG PA'O // / "
"559746","TD4027E.TXT.r_1353;TD4027E.TXT.r_1354"," chos rnams dang ni gang  zag gi / / +kun nas nyon mongs rnam dag med // / ","0.0#TD4021E.TXT.r#2101860#2101868#TD4021E.TXT.r_439;TD4021E.TXT.r_440;TD4021E.TXT.r_441;TD4021E.TXT.r_442# CHOS RNAMS DANG NI GANG ZAG GI // / +kun NAS NYON MONGS RNAM DAG MED // / ","0.018#TD4029E.TXT.r#2121700#2121702#TD4029E.TXT.r_188;TD4029E.TXT.r_189# chos kun med phyir rnam dag gang // / +kun nas nyon mongs med de  gang ; / / ","0.021#TD4025E.TXT.r#2169319#2169319#TD4025E.TXT.r_512# kun NAS NYON MONGS MED DAG phyir // / ","0.022#TD4048E.TXT.r#1689584#1689584#TD4048E.TXT.r_823;TD4048E.TXT.r_824# chos rnams med la dmigs pa dang / / +kun nas nyon mongs med rnam dag // / "
"559755","TD4027E.TXT.r_1355;TD4027E.TXT.r_1356"," med phyir de bas skrag dang nga // / +med de de 'dir ma log pa'o // / "
"559763","TD4027E.TXT.r_1357;TD4027E.TXT.r_1358;TD4027E.TXT.r_1359"," gang zag gi kun nas nyon mongs pa med pas rnam par dag pa med do // / +chos kyi yang med de / / +'di ltar gang zag med cing chos med pa'i phyir ro // / "
"559776","TD4027E.TXT.r_1360"," gang gi kun nas nyon mongs  pa gang yang med cing rnam par byang ba yang med pa de'i phyir kun nas nyon mongs pa'i phyogs la su yang 'grib pa yang med la / / ","0.019#TD4032E.TXT.r#1956881#1956882#TD4032E.TXT.r_5792;TD4032E.TXT.r_5793;TD4032E.TXT.r_5794# chos kyi dbyings la de gnyi ga la yang glo bur yin la chos kyi  dbyings kyang nam mkha' bzhin du 'gyur ba med pa'i phyir ro // / +de'i phyir / / +kun NAS NYON MONGS PA'I PHYOGS LA SU'I 'GRIB PA YANG MED LA / / ","0.023#TD4029E.TXT.r#2121700#2121701#TD4029E.TXT.r_188;TD4029E.TXT.r_189# chos kun med phyir rnam dag gang // / +kun nas nyon mongs med de  gang ; / / ","0.023#TD4032E.TXT.r#1956902#1956902#TD4032E.TXT.r_5797;TD4032E.TXT.r_5798# 'di ni skrag pa med pa dang khengs pa  med pa la phyin ci ma log pa'o // / +gzhan dag na RE KUN NAS NYON MONGS PA'I PHYOGS LA YANG SU'I 'GRIB PA YANG MED LA / / ","0.026#TD4051E.TXT.r#1238582#1238582#TD4051E.TXT.r_875# 'di ltar kun gzhi rnam par shes pa las gzhan na kun nas nyon  mongs pa DANG RNAM PAR BYANG BA MED kyi de dag de la yod de nga'i phyir de yod do // / "
"559790","TD4027E.TXT.r_1361;TD4027E.TXT.r_1362"," rnam par byang ba'i phyogs la su'i khyad par du 'gyur ba'ang med na / / +de'i phyir skrag pa'am nga rgyal du gyur te / / ","0.014#TD4032E.TXT.r#1956892#1956902#TD4032E.TXT.r_5795;TD4032E.TXT.r_5796;TD4032E.TXT.r_5797;TD4032E.TXT.r_5798# RNAM PAR BYANG BA'I PHYOGS LA SU'I KHYAD PAR DU 'GYUR BA YANG MED NA / / +gang gi PHYIR SKRAG PA'AM NGA RGYAL DU 'GYUR TE / / +'di ni skrag pa med pa dang khengs pa  med pa la phyin ci ma log pa'o // / ","0.027#TD4032E.TXT.r#1956882#1956882#TD4032E.TXT.r_5792;TD4032E.TXT.r_5794# chos kyi dbyings la de gnyi ga la yang glo bur yin la chos kyi  dbyings kyang nam mkha' bzhin du 'gyur ba med pa'i phyir ro // / +kun nas nyon mongs pa'i phyogs la su'i 'grib pa yang med la / / "
"559798","TD4027E.TXT.r_1363;TD4027E.TXT.r_1364;TD4027E.TXT.r_1365"," 'di ni skrag pa med pa dang / / +khengs pa med pa la phyin ci ma  log pa'o // / +phyin ci ma log pa bcu po 'di dag ni rdo rje'i tshig bcu po dag dang go rims bzhin du sbyar bar bya ste / / ","0.0#TD4032E.TXT.r#1957147#1957151#TD4032E.TXT.r_5838;TD4032E.TXT.r_5839# bshad ma thag PA'I PHYIN CI MA LOG PA BCU PO 'DI DAG NI MDO sde las gsungs PA'I RDO RJE'I TSHIG BCU DAG DANG GO RIMS BZHIN DU SBYAR BAR BYA STE / / ","0.019#TD4032E.TXT.r#1957383#1957387#TD4032E.TXT.r_5874;TD4032E.TXT.r_5875;TD4032E.TXT.r_5876# DE LTAR PHYIN CI MA LOG PA BCU PO 'DI DAG NI / / +rdo RJE'I TSHIG BCU PO DANG GO RIMS BZHIN DU SBYAR RO // / "
"559814","TD4027E.TXT.r_1366;TD4027E.TXT.r_1367"," rdo rje'i tshig bcu po 'di dag ni / / +yod pa dang med pa dang  phyin ci ma log pa dang  gnas dang  sgyu ma lta bu nyid dang  rnam par mi rtog pa nyid dang  rang bzhin gyis 'od  gsal ba nyid dang  kun nas nyon mongs pa dang  rnam par byang ba dang  nam mkha' lta bu dang  'grib pa med pa dang  khyad par du 'phags pa med pa'o // / ","2.384#TD4032E.TXT.r#1957159#1957169#TD4032E.TXT.r_5839;TD4032E.TXT.r_5840# RDO RJE'I TSHIG BCU PO GANG zhe na / / +yod PA DANG MED PA DANG  PHYIN CI MA LOG PA DANG  gnas dang  SGYU MA LTA BU NYID DANG     RNAM PAR MI RTOG PA NYID DANG  RANG BZHIN GYIS 'OD GSAL BA NYID dang  KUN NAS NYON MONGS PA DANG  RNAM PAR BYANG BA DANG  NAM MKHA' LTA BU DANG  'grib pa med pa dang  KHYAD PAR DU 'PHAGS PA MED PA'O // / ","0.011#TD4032E.TXT.r#1957150#1957151#TD4032E.TXT.r_5838;TD4032E.TXT.r_5839# bshad ma thag PA'I PHYIN CI MA LOG PA BCU PO 'DI DAG NI MDO sde las gsungs pa'i RDO RJE'I TSHIG BCU DAG dang go rims bzhin du sbyar bar bya ste / / +rdo RJE'I TSHIG BCU PO GANG zhe na / / "
"559835","TD4027E.TXT.r_1368"," rdo rje'i tshig rnams kyi lus rnam par gzhag pa ni ngo bo nyid de ngo bo nyid rnam pa gsum dang dmigs pa dang  rnam par mi rtog pa  nyid dang  brgal ba dang  lan te / / ","0.026#TD4032E.TXT.r#1957407#1957407#TD4032E.TXT.r_5878;TD4032E.TXT.r_5879# de dag kyang rnam pa bzhir gzhag ste ngo bo NYID DANG DMIGS PA DANG  RNAM PAR MI RTOG PA NYID DANG  brgal ba dang  lan no // / +de LA NGO BO NYID NI gsum ste yongs su grub pa dang  kun brtags pa dang  gzhan gyi dbang zhes bya ba dag ste / / "
"559845","TD4027E.TXT.r_1369;TD4027E.TXT.r_1370;TD4027E.TXT.r_1371"," rdo rje'i tshig lhag ma rnams so // / +lus rnam par gzhag pa gnyis pa ni / / +gang la gang zhig gang gis 'khrul // / ","0.0#TD4021E.TXT.r#2101875#2101883#TD4021E.TXT.r_443;TD4021E.TXT.r_444;TD4021E.TXT.r_445;TD4021E.TXT.r_446# gang la gang  ZHIG GANG LAS 'KHRUL // / +ma 'khrul gang zhig gang la dang / / ","0.009#TD4032E.TXT.r#1957851#1957856#TD4032E.TXT.r_5958;TD4032E.TXT.r_5959;TD4032E.TXT.r_5960# gang LA GANG ZHIG GANG LAS 'KHRUL // / +ma 'khrul gang zhig gang  la dang / / "
"559855","TD4027E.TXT.r_1372;TD4027E.TXT.r_1373;TD4027E.TXT.r_1374"," ma 'khrul gang zhig gang la dang / / +'khrul dang ma 'khrul 'bras bu nyid // / +de gnyis kyi ni mtha' ma'o // / "
"559865","TD4027E.TXT.r_1375;TD4027E.TXT.r_1376"," rdo rje'i tshig rnams kyis bsdus  pa'i don ni ngo bo nyid gsum ni dmigs pa ste / / +yongs su grub pa dang  kun brtags pa dang  gzhan gyi dbang zhes bya ba dag ste / / ","0.0#TD4032E.TXT.r#1957412#1957419#TD4032E.TXT.r_5879;TD4032E.TXT.r_5880# DE LA NGO BO NYID ni gsum ste yongs su grub pa dang  kun brtags pa dang  GZHAN GYI DBANG ZHES BYA BA DAG STE / / ","0.029#TD4048E.TXT.r#1684111#1684111#TD4048E.TXT.r_21;TD4048E.TXT.r_22# kun gzhi rnam par shes pa ni shes bya'i gnas su bstan to // / +ngo bo nyid gsum po gzhan gyi dbang dang  kun brtags pa dang  yongs SU GRUB PA DAG NI shes bya'i mtshan nyid du bstan te // / "
"559878","TD4027E.TXT.r_1377;TD4027E.TXT.r_1378"," tshig dang po gsum dang go rims bzhin no // / +rnam par mi rtog pa nyid ni gang gis rnam par mi rtog ce na / / "
"559887","TD4027E.TXT.r_1379;TD4027E.TXT.r_1380;TD4027E.TXT.r_1381"," rnam par mi rtog pa'i ye shes kyis so // / +gang la rnam par    mi rtog ce na / / +rang bzhin gyis 'od gsal ba nyid la'o // / ","0.011#TD4032E.TXT.r#1957568#1957571#TD4032E.TXT.r_5903;TD4032E.TXT.r_5904;TD4032E.TXT.r_5905;TD4032E.TXT.r_5906# gang GIS RNAM PAR MI RTOG CE NA / / +rnam PAR MI RTOG PA'I YE SHES KYIS SO // / +gang  LA RNAM PAR MI RTOG CE NA / / "
"559895","TD4027E.TXT.r_1382;TD4027E.TXT.r_1383"," de bas na 'dis shes pa dang  shes pa rnam par gzhag pa 'di lta ste / / +ngo bo nyid gsum dang  rnam par mi rtog pa nyid dang go rims bzhin du rig par bya'o // / ","0.0#TD4032E.TXT.r#1957605#1957607#TD4032E.TXT.r_5913;TD4032E.TXT.r_5914# DE BAS NA 'DI SHES BYA DANG  SHES PA RNAM PAR GZHAG PA 'DI LTA STE / / +ngo bo nyid gsum dang  RNAM PAR MI RTOG PA NYID DANG  GO RIMS BZHIN DU RIG PAR BYA'O // / "
"559906","TD4027E.TXT.r_1384;TD4027E.TXT.r_1385"," brgal ba dang  lan ni lhag ma rnams so zhes bya ba de la brgal  ba ni 'di yin te / / +gal te kun brtags pa dang  gzhan gyi dbang gi mtshan nyid kyi chos de dag med na ji ltar dmigs par 'gyur / / ","0.0#TD4032E.TXT.r#1957664#1957668#TD4032E.TXT.r_5926;TD4032E.TXT.r_5927# de la     // / +brgal ba ni gal TE KUN BRTAGS PA DANG GZHAN GYI DBANG GI MTSHAN NYID KYI CHOS DE DAG MED NA / / "
"559925","TD4027E.TXT.r_1386"," ci ste yod na de lta na go chos rnams rang bzhin gyis 'od gsal ba nyid du mi rung ngo zhe na / / ","0.028#TD4032E.TXT.r#1957687#1957687#TD4032E.TXT.r_5931# JI STE YOD NA DE LTA NA GO  CHOS RNAMS RANG BZHIN GYIS 'OD GSAL BA NYID DU MI RUNG STE / / "
"559934","TD4027E.TXT.r_1387;TD4027E.TXT.r_1388"," de'i lan ni sgyu ma lta bu nyid yin te / / +dper na sgyu ma byas pa ni  med kyang dmigs pa lta bu'o // / ","0.023#TD4032E.TXT.r#1957701#1957702#TD4032E.TXT.r_5934;TD4032E.TXT.r_5935# DE'I LAN NI SGYU MA LTA BU NYID YIN TE / / +dper NA SGYU MA BYAS PA LTA BU NI MED KYANG DMIGS PA LTA BU'O ZHES bya ba ste / / "
"559943","TD4027E.TXT.r_1389"," gal te chos rnams rang bzhin gyis 'od gsal ba nyid yin na ji ltar sngar kun nas nyon mongs pa phyis rnam par byang zhe na / / ","0.0#TD4032E.TXT.r#1957720#1957722#TD4032E.TXT.r_5937;TD4032E.TXT.r_5938# GAL TE CHOS RNAMS RANG BZHIN GYIS 'OD GSAL BA NYID YIN NA / / +ji LTAR SNGAR KUN NAS NYON MONGS PA PHYIS RNAM PAR BYANG ZHES brgal te / / "
"559954","TD4027E.TXT.r_1390"," de'i lan ni kun nas nyon mongs pa dang  rnam par byang ba nam mkha' lta bur reg pa bya ba yin te / / "
"559962","TD4027E.TXT.r_1391"," dper na nam mkha'  rang bzhin gyis rnam par dag pa la kun nas nyon mongs so // / "
"559970","TD4027E.TXT.r_1392;TD4027E.TXT.r_1393"," rnam par byang ngo zhes bya ba lta bu'o // / +gal te sangs rgyas dpag tu med pa byung ste / / ","0.022#TD4016.3E.TXT.r#268655#268655#TD4016.3E.TXT.r_6880;TD4016.3E.TXT.r_6881# bdag kun nas nyon mongs so // / +bdag RNAM PAR BYANG NGO ZHES 'DI lta bu la sogs pa log pa'i sbyor ba 'jug  GO ZHES BYA BA NI gnyis pa kun du rmongs pas 'dzin pa'i nyes dmigs bstan pa'o // / ","0.022#TD4054E.TXT.r#1010966#1010967#TD4054E.TXT.r_3373;TD4054E.TXT.r_3374;TD4054E.TXT.r_3375# dran par byed do // / +kun nas nyon mongs so // / +rnam par byang ngo shes mngon par zhen pa spong zhing bdag med  pa la 'jug go // / ","0.024#TD4038.2E.TXT.r#3122466#3122467#TD4038.2E.TXT.r_4345;TD4038.2E.TXT.r_4346;TD4038.2E.TXT.r_4347# byed do // / +kun nas nyon mongs so // / +rnam PAR BYANG NGO ZHES LOG par mngon par 'du byed pa 'byung ngo // / ","0.027#TD4049E.TXT.r#2295997#2295997#TD4049E.TXT.r_1561;TD4049E.TXT.r_1562;TD4049E.TXT.r_1563# dran par byed do // / +kun nas nyon mongs so // / +rnam par  byang ngo zhes mngon par zhen pa spangs zhing bdag med pa la 'jug go // / ","0.029#TD4032E.TXT.r#1957751#1957751#TD4032E.TXT.r_5942;TD4032E.TXT.r_5943# glo bur gyi nye ba'i nyon mongs pas kun nas nyon mongs so // / +de dang bral ba RNAM PAR BYANG NGO ZHES PA DE bzhin du chos kyi dbyings rang bzhin gyis rnam par dag pa  yang glo bur gyi nye ba'i nyon mongs pa rnams kyis kun nas nyon mongs so // / "
"559979","TD4027E.TXT.r_1394;TD4027E.TXT.r_1395"," sems can dpag tu med pa dag gi kun nas nyon mongs pa bsal na / / +de'i phyir ci ltar 'khor ba rgyun chad par mi 'gyur zhing mya ngan  las 'das pa 'phel bar mi 'gyur zhe na / / ","5.960#TD4032E.TXT.r#1957774#1957775#TD4032E.TXT.r_5945;TD4032E.TXT.r_5946# gal te sangs RGYAS DPAG TU MED PA BYUNG ste / / +sems CAN DPAG TU MED PA DAG GI KUN NAS NYON MONGS PA BSAL TE / / "
"559995","TD4027E.TXT.r_1396;TD4027E.TXT.r_1397"," de'i lan ni 'grib pa med pa dang  khyad par du 'phags pa med pa nyid yin te / / +sems can gyi khams dang  rnam par byang ba'i phyogs dpag tu med pa'i phyir ro // / ","5.960#TD4032E.TXT.r#1957803#1957806#TD4032E.TXT.r_5950;TD4032E.TXT.r_5951# ji ltar 'khor ba rgyun chad par mi 'gyur zhing mya ngan las 'das pa 'phel bar mi 'gyur zhes brgal ba DE'I LAN NI 'GRIB PA MED PA dang  KHYAD PAR DU 'PHAGS PA MED PA NYID YIN TE / / "
"560005","TD4027E.TXT.r_1398;TD4027E.TXT.r_1399;TD4027E.TXT.r_1400"," yod med phyin ci ma log dang / / +gnas dang sgyu ma lta bu nyid // / +mi rtog pa dang rang bzhin gyis // / ","0.0#TD4032E.TXT.r#1958084#1958086#TD4032E.TXT.r_6000;TD4032E.TXT.r_6001;TD4032E.TXT.r_6002;TD4032E.TXT.r_6003# de bas na / / +yod MED PHYIN CI MA LOG DANG / / +gnas DANG SGYU MA LTA BU NYID // / "
"560013","TD4027E.TXT.r_1401;TD4027E.TXT.r_1402"," rtag par 'od gsal nyid dang ni // / +kun nas nyon mongs rnam byang dang / / ","0.0#TD4032E.TXT.r#1958094#1958102#TD4032E.TXT.r_6004;TD4032E.TXT.r_6005;TD4032E.TXT.r_6006;TD4032E.TXT.r_6007# rtag  BAR 'OD GSAL NYID DANG NI // / +kun NAS NYON MONGS RNAM BYANG DANG / / "
"560021","TD4027E.TXT.r_1403;TD4027E.TXT.r_1404;TD4027E.TXT.r_1405"," de bzhin nam mkha' lta bu nyid // / +'grib pa med dang lhag med pa // / +rdo rje'i tshig ni bcu zhes bya // / ","0.0#TD4021E.TXT.r#2101904#2101911#TD4021E.TXT.r_451;TD4021E.TXT.r_452;TD4021E.TXT.r_453;TD4021E.TXT.r_454# kun nas nyon mongs rnam byang dang / / +de BZHIN NAM MKHA' LTA BU NYID // / "
"560032","TD4027E.TXT.r_1406;TD4027E.TXT.r_1407"," rjes su mthun pa'i chos sgrub pa bshad zin te // / +mtha' gnyis  spang ba bsgrub pa gang zhe na / / "
"560040","TD4027E.TXT.r_1408;TD4027E.TXT.r_1409"," gang dkon mchog brtsegs pa las dbu ma'i lam bshad pa'o // / +mtha' gang dang gang spangs pas de rig par bya zhe na / / "
"560051","TD4027E.TXT.r_1410;TD4027E.TXT.r_1411;TD4027E.TXT.r_1412"," tha dad pa dang gcig mtha' dang / / +mu stegs nyan thos gnyis ka dang / / +gang zag chos la sgro 'dogs dang / / ","0.009#TD4021E.TXT.r#2101919#2101925#TD4021E.TXT.r_455;TD4021E.TXT.r_456;TD4021E.TXT.r_457;TD4021E.TXT.r_458# THA DAD PA DANG GCIG MTHA' DANG / / +mu stegs nyan thos  gnyi ga dang / / "
"560061","TD4027E.TXT.r_1413;TD4027E.TXT.r_1414;TD4027E.TXT.r_1415"," skur 'debs mtha'     // / +rnams gnyis gnyis dang / / +mi mthun phyogs dang gnyen po'i mtha' // / ","0.0#TD4021E.TXT.r#2101924#2101933#TD4021E.TXT.r_456;TD4021E.TXT.r_457;TD4021E.TXT.r_458;TD4021E.TXT.r_459;TD4021E.TXT.r_460# mu stegs nyan thos  gnyi ga dang / / +gang zag chos la sgro 'dogs dang / / +skur 'debs mtha' rnams gnyis gnyis dang / / "
"560070","TD4027E.TXT.r_1416;TD4027E.TXT.r_1417"," rtag dang chad par 'du shes dang / / +gzung dang 'dzin dang kun nyon mongs // / ","0.0#TD4021E.TXT.r#2101934#2101941#TD4021E.TXT.r_459;TD4021E.TXT.r_460;TD4021E.TXT.r_461;TD4021E.TXT.r_462# mi mthun phyogs dang gnyen po'i mtha' // / +rtag DANG CHAD PAR 'DU SHES DANG / / "
"560078","TD4027E.TXT.r_1418;TD4027E.TXT.r_1419;TD4027E.TXT.r_1420"," rnam par byang la gnyis dang gsum // / +rnam par rtog pa gnyis kyi mtha' // / +de ni rnam pa bdun du 'dod // / ","0.0#TD4021E.TXT.r#2101942#2101952#TD4021E.TXT.r_461;TD4021E.TXT.r_462;TD4021E.TXT.r_463;TD4021E.TXT.r_464;TD4021E.TXT.r_465;TD4021E.TXT.r_466# gzung dang 'dzin dang kun nyon mongs // / +rnam par byang la     // / "
"560088","TD4027E.TXT.r_1421;TD4027E.TXT.r_1422"," dngos  yod dngos med zhi byed dang / / +zhi byed skrag bya de la 'jigs // / ","0.0#TD4021E.TXT.r#2101951#2101964#TD4021E.TXT.r_464;TD4021E.TXT.r_465;TD4021E.TXT.r_466;TD4021E.TXT.r_467;TD4021E.TXT.r_468# rnam par rtog pa gnyis kyi mtha' // / +de ni rnam pa bdun du 'dod // / +dngos YOD DNGOS MED ZHI BYA DANG / / "
"560100","TD4027E.TXT.r_1423;TD4027E.TXT.r_1424;TD4027E.TXT.r_1425"," gzung dang 'dzin dang yang dag nyid // / +log pa nyid dang byed dang min // / +skye ba med dang mnyam pa'i dus // / ","0.0#TD4021E.TXT.r#2101963#2101974#TD4021E.TXT.r_467;TD4021E.TXT.r_468;TD4021E.TXT.r_469;TD4021E.TXT.r_470;TD4021E.TXT.r_471# zhi byed skrag bya de la 'jigs // / +gzung DANG 'DZIN DANG YANG DAG NYID // / "
"560109","TD4027E.TXT.r_1426;TD4027E.TXT.r_1427"," de ni rnam rtog gnyis kyi mtha' // / +de la gzugs la sogs pa dang bdag tha dad ces bya ba yang mtha'o // / ","0.0#TD4032E.TXT.r#1958334#1958338#TD4032E.TXT.r_6034;TD4032E.TXT.r_6035# de LA GZUGS LA SOGS PA DANG BDAG THA DAD CES BYA BA YANG MTHA'O // / "
"560121","TD4027E.TXT.r_1428;TD4027E.TXT.r_1429;TD4027E.TXT.r_1430"," gcig ces bya ba yang  mtha'o // / +de yongs su spang ba'i phyir dbu ma'i lam ste / / +gang bdag med par so sor rtog pa nas shed bu med par so sor rtog pa'i bar du'o // / ","0.015#TD4027E.TXT.r#560220#560222#TD4027E.TXT.r_1447;TD4027E.TXT.r_1448;TD4027E.TXT.r_1449# dge ba la sogs pa ni rnam par byang ba'o zhes bya ba ni gnyen po'i mtha'o // / +de YONGS SU SPANG BA'I PHYIR DBU MA'I LAM STE / / ","0.019#TD4032E.TXT.r#1958337#1958338#TD4032E.TXT.r_6034;TD4032E.TXT.r_6035# de la gzugs la sogs pa dang bdag tha DAD CES BYA BA YANG MTHA'O // / +gcig CES BYA BA YANG MTHA'O ZHES bya ba de la / / ","0.023#TD4032E.TXT.r#1958423#1958425#TD4032E.TXT.r_6043# de nyid bstan pa'i phyir gang BDAG MED PAR SO SOR RTOG PA NAS SHED BU MED PAR SO SOR RTOG PA'I BAR DU'O ZHES bya ba smos so // / "
"560134","TD4027E.TXT.r_1431"," bdag tu lta ba ni srog kyang gzhan la lus kyang gzhan pa dang  srog de nyid lus de yin zhes bya bar lta ba yin no // / ","1.192#TD4032E.TXT.r#1958389#1958391#TD4032E.TXT.r_6040# gang mdo sde LAS SROG KYANG GZHAN LA LUS KYANG GZHAN PA DANG SROG DE LUS DE YIN ZHES BYA BAR LTA BA NYID 'dir mtha' zhes bya ba'i sgrar bstan to // / "
"560143","TD4027E.TXT.r_1432;TD4027E.TXT.r_1433"," gzugs la sogs pa  rtag go zhes bya ba ni mu stegs can gyi mtha'o // / +mi rtag go zhes bya ba ni nyan thos kyi mtha'o // / ","0.028#TD4032E.TXT.r#1958502#1958502#TD4032E.TXT.r_6052;TD4032E.TXT.r_6053# brjod  par bya ba de nyid brjod na ni gzhan dag gis brnyas par 'gyur ba'i phyir ro // / +gzugs LA SOGS PA RTAG GO ZHES BYA BA NI MU STEGS CAN GYI MTHA' STE / / "
"560154","TD4027E.TXT.r_1434;TD4027E.TXT.r_1435"," de yongs su spang ba'i phyir dbu ma'i lam ste / / +gang gzugs la sogs pa la rtag par yang mi rtog / / ","0.0#TD4032E.TXT.r#1958561#1958565#TD4032E.TXT.r_6058;TD4032E.TXT.r_6059;TD4032E.TXT.r_6060# de gnyi GA YONGS SU SPANG BA'I PHYIR ZHES bya ba NI RTAG PA DANG MI RTAG par lta BA YONGS SU SPANG BA'I PHYIR DBU MA'I LAM STE / / +gang GZUGS LA SOGS PA LA RTAG PAR YANG MI RTOG // / "
"560162","TD4027E.TXT.r_1436;TD4027E.TXT.r_1437;TD4027E.TXT.r_1438"," mi rtag par yang mi rtog pa'o // / +bdag ces bya ba ni gang zag tu sgro 'dogs pa'i  mtha'o // / +bdag med ces bya ba ni skur ba 'debs pa'i mtha' ste / / "
"560175","TD4027E.TXT.r_1439;TD4027E.TXT.r_1440;TD4027E.TXT.r_1441"," brtags pa'i yod pa la skur pa 'debs pa'i phyir ro // / +de yongs su spang ba'i phyir dbu ma'i lam ste / / +gang bdag dang bdag med pa gnyis kyi dbus ni rnam par mi rtog pa nyid do // / ","0.021#TD4032E.TXT.r#1958689#1958689#TD4032E.TXT.r_6079;TD4032E.TXT.r_6080# da ni dbu ma'i lam gang yin pa brtag par bya BA'I PHYIR RO / / +gang BDAG DANG BDAG MED PA de gnyis kyi dbus zhes bya ba smos so // / ","0.022#TD4032E.TXT.r#1959333#1959333#TD4032E.TXT.r_6185# de YONGS SU SPANG BA'I PHYIR ZHES bya ba ni gzung ba dang 'dzin pa'i mtha' YONGS SU SPANG BA'I PHYIR DBU MA'I LAM BSTAN to zhes bya ba dang sbyar ro // / ","0.022#TD4072E.TXT.r#2097124#2097124#TD4072E.TXT.r_616;TD4072E.TXT.r_617# yang dag pa  ma yin pa yang dag par mi mkhyen pa'i phyir dang  mngon par brjod PA MED PA'I PHYIR RO // / +yang dag pa'i mtha' ni yang dag pa'i mtha' ste STONG PA NYID DO // / ","0.025#TD4032E.TXT.r#1959074#1959074#TD4032E.TXT.r_6142;TD4032E.TXT.r_6144# de rtag par yod pa'i phyir     // / +de bas na de bstsal bar bya ba'i phyir chad pa'i mtha' zhes bya'o // / ","0.025#TD4090.1E.TXT.r#1614916#1614916#TD4090.1E.TXT.r_3467;TD4090.1E.TXT.r_3468# gcig dang  gnyis dang  chen po dang  chung ngu dang  tha dad pa dang ldan pa dang  rnam par phye ba dang  gzhan dang  gzhan ma yin pa dang  YOD PA LA SOGS PA'i blo 'grub par bya ba'i     // / +phyir dang  drug par bya ba'i phyir mu stegs byed kyis yongs su brtag pa grangs dang  tshad dang  tha dad pa nyid dang ldan pa dang  rnam par dbye ba dang  gzhan nyid dang  gzhan ma yin pa nyid dang  YOD PA LA SOGS PA dang  gzugs kyi ldan pa zhes bya ba yang  khas blang bar bya dgos so // / "
"560188","TD4027E.TXT.r_1442;TD4027E.TXT.r_1443"," sems yang dag pa'o zhes bya ba ni  chos la sgro 'dogs pa'i mtha'o // / +sems yang dag pa ma yin no zhes bya ba ni skur pa 'debs pa'i mtha'o // / ","0.027#TD4032E.TXT.r#1958760#1958760#TD4032E.TXT.r_6091;TD4032E.TXT.r_6092# CHOS LA SGRO 'DOGS PA'I MTHA' STE sems kyi  ngo bo nyid YANG DAG PA MA YIN PA la yang dag pa nyid du sgro 'dogs pa'i phyir ro // / +sems YANG DAG PA MA YIN NO ZHES BYA BA NI SKUR PA 'DEBS PA'I MTHA'O // / "
"560199","TD4027E.TXT.r_1444;TD4027E.TXT.r_1445"," de yongs su spang ba'i phyir dbu ma'i lam ste / / +gang la sems med pa dang  sems pa med pa dang  yid med pa dang  rnam par shes pa med pa'o // / ","0.0#TD4009E.TXT.r#331763#331765#TD4009E.TXT.r_1593# sems yang dag pa la sgro 'dogs par brten pa ni gang LA SEMS MED PA DANG  SEMS PA MED PA DANG  yid med pa dang  RNAM PAR SHES PA MED PA DE ni 'od srungs dbu ma'i lam chos rnams la yang dag par so sor rtog pa zhes bya ste / / ","0.021#TD4032E.TXT.r#1958790#1958794#TD4032E.TXT.r_6095;TD4032E.TXT.r_6096;TD4032E.TXT.r_6097# DE YONGS SU SPANG BA'I PHYIR ZHES bya ba ni sgro 'dogs pa dang skur pa 'debs pa dang bral ba la chos bdag med par rtogs par bya ba'i phyir / / +dbu MA'I LAM STE / / +de ni gang LA SEMS MED PA DANG  yid med pa dang  RNAM PAR SHES PA MED PA zhes bya ba ni mngon par  zhen pa 'byung ba med do zhes bya ba'i tshig gi lhag ma'o // / "
"560211","TD4027E.TXT.r_1446;TD4027E.TXT.r_1447"," mi dge ba la  sogs pa'i chos rnams ni kun nas nyon mongs pa'o zhes bya ba ni mi mthun pa'i phyogs kyi mtha'o // / +dge ba la sogs pa ni rnam par byang ba'o zhes bya ba ni gnyen po'i mtha'o // / ","0.0#TD4032E.TXT.r#1958861#1958867#TD4032E.TXT.r_6105;TD4032E.TXT.r_6106;TD4032E.TXT.r_6107# MI DGE BA LA SOGS PA'I CHOS RNAMS NI / / +kun NAS NYON MONGS PA'O ZHES BYA BA NI MI MTHUN PA'I PHYOGS KYI MTHA'O // / "
"560224","TD4027E.TXT.r_1448;TD4027E.TXT.r_1449"," de yongs su spang ba'i phyir dbu ma'i lam ste / / +gang mtha' de gnyis khas mi len zhing mi brjod cing mi smra ba'o // / ","0.015#TD4027E.TXT.r#560122#560122#TD4027E.TXT.r_1428;TD4027E.TXT.r_1429;TD4027E.TXT.r_1430# gcig ces bya ba yang  mtha'o // / +de YONGS SU SPANG BA'I PHYIR DBU MA'I LAM STE / / +gang bdag med par so sor rtog pa nas shed bu med par so sor rtog pa'i bar du'o // / ","0.020#TD4032E.TXT.r#1959013#1959017#TD4032E.TXT.r_6131;TD4032E.TXT.r_6132;TD4032E.TXT.r_6133# rang gi ngo bo la rnam pa thams cad du skur pa 'debs pa'i phyir med do zhes bya ba ni chad pa'i mtha'o // / +de yongs  SU SPANG BA'I PHYIR DBU MA'I LAM STE / / ","0.020#TD4027E.TXT.r#560242#560244#TD4027E.TXT.r_1451;TD4027E.TXT.r_1452;TD4027E.TXT.r_1453# med do zhes bya ba ni chad pa'i mtha'o // / +de YONGS SU SPANG BA'I PHYIR DBU MA'I LAM STE / / "
"560235","TD4027E.TXT.r_1450;TD4027E.TXT.r_1451"," gang zag dang chos yod do zhes bya ba ni rtag pa'i mtha'o // / +med do zhes bya ba ni chad pa'i mtha'o // / ","1.788#TD4032E.TXT.r#1958989#1958990#TD4032E.TXT.r_6127;TD4032E.TXT.r_6128# GANG ZAG DANG CHOS DE gnyis yod do  ZHES BYA BA NI RTAG PA'I MTHA'O // / +med DO ZHES BYA BA NI CHAD PA'I MTHA'O ZHES bya ba smos te / / "
"560245","TD4027E.TXT.r_1452;TD4027E.TXT.r_1453;TD4027E.TXT.r_1454"," de yongs su spang ba'i phyir dbu ma'i lam ste / / +mtha' de gnyis kyi dbus gang yin pa'o // / +ma rig pa la gzung ba'o // / "
"560254","TD4027E.TXT.r_1455;TD4027E.TXT.r_1456"," 'dzin pa'o zhes bya ba ni mtha' ste / / +de bzhin du rig pa  dang 'du byed rnams dang  de'i gnyen po 'dus ma byas dang  rga shi'i bar la gzung ba'o // / ","0.027#TD4032E.TXT.r#1959101#1959101#TD4032E.TXT.r_6146;TD4032E.TXT.r_6147;TD4032E.TXT.r_6148# de mi mthun pa'i phyogs dang gnyen po la sgro 'dogs pa'i  mtha'i dbang du mdzad de ma rig PA LA GZUNG BA'O // / +'dzin PA'O ZHES BYA BA NI MTHA' STE / / +de bzhin du ma rig pa dang  'du byed rnams dang  DE'I GNYEN PO 'DUS MA BYAS LA GZUNG BA'O // / "
"560267","TD4027E.TXT.r_1457;TD4027E.TXT.r_1458;TD4027E.TXT.r_1459"," 'dzin pa'o zhes bya ba yang mtha'o // / +de 'gog pa la gzung ba'o // / +'dzin pa'i zhes bya ba yang mtha' ste / / ","0.028#TD4053E.TXT.r#2966879#2966880#TD4053E.TXT.r_319;TD4053E.TXT.r_320;TD4053E.TXT.r_321# 'byung  ba'i 'du shes sngon du btang ba zhes bya ba ni thar pa'i 'du shes sngon du btang ba'o // / +brtan pa ma yin pa rnams zhes bya ba ni 'jug pa'i rnam par shes pas bsdus pa rnams so // / "
"560275","TD4027E.TXT.r_1460;TD4027E.TXT.r_1461"," lam gang gis de 'gag pa'o // / +de bzhin du nag po dang dkar po'i  phyogs kyi bye brag gis gzung ba dang 'dzin pa'i mtha' rnam pa gnyis so // / "
"560286","TD4027E.TXT.r_1462;TD4027E.TXT.r_1463"," de yongs su spang ba'i phyir dbu ma'i lam ste / / +rig pa dang ma rig pa 'di ni gnyis su med ces rgya cher 'byung ste / / "
"560296","TD4027E.TXT.r_1464;TD4027E.TXT.r_1465"," rig pa dang ma rig pa la sogs pa la gzung ba dang  'dzin pa'i dngos po med pa'i phyir ro / / +kun nas nyon mongs pa rnam pa gsum ste / / ","0.0#TD4016.2E.TXT.r#2366076#2366079#TD4016.2E.TXT.r_6496;TD4016.2E.TXT.r_6497# khams gsum PA'I NYON MONGS PA RNAM PA GSUM PO / / +nyon mongs pa'i kun NAS NYON MONGS PA DANG  las kyi kun NAS NYON MONGS PA DANG  skye ba'i kun NAS NYON MONGS PA GANG yin pa'o zhes bya ba ni dgu pa kun nas nyon mongs pa'i don rnam par bshad pa'o // / ","0.012#TD4038.2E.TXT.r#3115519#3115522#TD4038.2E.TXT.r_3434;TD4038.2E.TXT.r_3435# byams pa de la kun nas nyon mongs pa'i don NI RNAM PA GSUM STE / / +khams gsum pa'i nyon mongs pa'i kun NAS NYON MONGS PA DANG  las kyi kun NAS NYON MONGS PA DANG  skye ba'i kun nas nyon mongs pa'o // / "
"560305","TD4027E.TXT.r_1466;TD4027E.TXT.r_1467"," nyon mongs pa'i kun nas nyon mongs pa dang  las kyi kun nas nyon mongs pa dang  skye ba'i kun nas nyon mongs pa'o // / +de la nyon mongs pa'i kun nas nyon mongs pa yang rnam pa gsum ste / / ","0.0#TD4027E.TXT.r#553490#553492#TD4027E.TXT.r_147;TD4027E.TXT.r_148# rnam gsum ni nyon  MONGS PA'I KUN NAS NYON MONGS PA DANG  LAS KYI KUN NAS NYON MONGS PA DANG  SKYE BA'I KUN NAS NYON MONGS PA'O // / ","0.008#TD4035E.TXT.r#162368#162372#TD4035E.TXT.r_6542;TD4035E.TXT.r_6543;TD4035E.TXT.r_6544# sa 'og ma ma gtogs pa thams cad 'dod pa'i khams kyi bzhin du mngon du byed do // / +KUN NAS NYON MONGS PA RNAM PA GSUM PO // / +nyon MONGS PA'I KUN NAS NYON MONGS PA DANG  LAS KYI KUN NAS NYON MONGS PA DANG   SKYE BA'I KUN NAS NYON MONGS PA 'DI spang ba'i phyir / / ","0.008#TD4039E.TXT.r#1861622#1861623#TD4039E.TXT.r_5397;TD4039E.TXT.r_5398# 'di gnyis NI KUN NAS NYON MONGS PA YIN te / / +las DANG SRED PA'I KUN NAS NYON MONGS PA DANG  LTA BA'I KUN NAS NYON MONGS PA'O // / ","0.014#TD4039E.TXT.r#1828036#1828039#TD4039E.TXT.r_1621;TD4039E.TXT.r_1622# LTA BA'I KUN NAS NYON MONGS PA DANG  SRID PA'I KUN NAS NYON MONGS PA DANG  RTOG PA'I KUN NAS NYON MONGS PA'O // / ","0.017#TD4038.1E.TXT.r#2757050#2757051#TD4038.1E.TXT.r_7926;TD4038.1E.TXT.r_7927# de la kun shes pa'i mi  mthun pa'i phyogs ni SRED PA'I KUN NAS NYON MONGS PA DANG  LTA BA'I KUN NAS NYON MONGS PA'O // / +de la SRED PA'I KUN NAS NYON MONGS PA NI / / ","0.018#TD4035E.TXT.r#150398#150399#TD4035E.TXT.r_4473;TD4035E.TXT.r_4474# NYON MONGS PA'I KUN NAS  nyon mongs pa dang  LAS KYI KUN NAS NYON MONGS PA DANG  SKYE BA'I KUN NAS NYON MONGS PA'O // / ","0.019#TD4069E.TXT.r#626492#626492#TD4069E.TXT.r_574# ji ltar ma rig pa la sogs pa srid pa'i yan lag bcu gnyis pa'i tshig rnams kyi MDOR KUN NAS NYON MONGS PA  gsum PO NYON MONGS PA DANG  las dang  SKYE BA'I KUN NAS NYON MONGS PA RNAMS yongs su bstan pa NI NYON MONGS PA'I KUN NAS NYON MONGS PA DANG  LAS KYI KUN NAS NYON MONGS PA DANG  SKYE BA'I KUN NAS NYON MONGS PA STE / / ","0.020#TD4039E.TXT.r#1881468#1881470#TD4039E.TXT.r_7807;TD4039E.TXT.r_7808# 'dir 'jig rten pa'i gang yin pa de dag ni sdig pa rnam pa du  mas 'dod dgur spyod pa 'di la phyi rol pa'i mu stegs can gyi lta ba dang 'brel ba rnams dang bral BAS NA NYON MONGS PA med pa'o // / +nyon mongs pa des kun nas bslang ba'i yang srid par skye BA'I LAS KYI KUN NAS NYON MONGS PA DANG BRAL bas na nye BA'I NYON MONGS PA DANG BRAL ba zhes bya'o // / ","0.020#TD4039E.TXT.r#1876259#1876261#TD4039E.TXT.r_7135;TD4039E.TXT.r_7136# 'di gnyis ni 'phags pa nyan thos bzhi mthong ba 'dod pa rnams las 'dod chags dang ma BRAL BA'I KUN NAS NYON MONGS PA YIN te / / +'dod PA'I KUN NAS NYON MONGS PA DANG  yang srid PAR SKYE BA'I KUN NAS NYON    mongs pa ste / / ","0.020#TD4009E.TXT.r#346143#346143#TD4009E.TXT.r_3491# tshe dang ldan pa dag tshul khrims la sogs pa ni mi 'khor zhing yongs su mya ngan las mi 'da'o  zhes bya ba la tshul khrims la sogs pa'i de bzhin nyid shin tu rnam par dag pa'i phyir sngon dang phyi MAR KUN NAS NYON MONGS PAR RTOG pa dang  KUN NAS NYON MONGS PA DANG BRAL BA'I rtog pa mi 'thad na de rnam par dag pa'i lam de LA KUN NAS NYON MONGS PA DANG  KUN NAS NYON MONGS PA  dang bral bar rtog pas rnam par dag pa'i lam la skrag go // / ","0.024#TD4039E.TXT.r#1826168#1826168#TD4039E.TXT.r_1376# gzhi de nyid la log pa dang yang dag par 'dzin pa LAS KUN NAS NYON MONGS PA DANG RNAM PAR byang bar gyur pas na ni mi mtshungs par rig par bya'o // / ","0.026#TD4037E.TXT.r#1332612#1332612#TD4037E.TXT.r_2303;TD4037E.TXT.r_2304# de la rnam pa drug gis ni KHENGS PA'I KUN NAS NYON MONGS PA DANG BRAL bar 'gyur / / +rnam pa bzhis ni khyad du gsod PA'I KUN NAS NYON MONGS PA DANG  bral bar 'gyur / / ","0.027#TD4038.1E.TXT.r#2774748#2774748#TD4038.1E.TXT.r_10275;TD4038.1E.TXT.r_10276# KUN NAS NYON MONGS PA DANG  rnam par byang ba'i GNAS KUN NAS NYON MONGS PA DANG  rnam par byang ba'i gnas las  yongs su shes par bya ba dang  KUN NAS NYON MONGS PA KUN NAS NYON MONGS PA LAS yongs su shes par bya ba dang  rnam par byang ba rnam par byang ba las yongs su shes par bya ba'o // / +de LA KUN NAS NYON MONGS PA DANG  rnam par byang ba'i gnas gang zhe na / / ","0.028#TD4025E.TXT.r#2171661#2171661#TD4025E.TXT.r_798# de la ma rig pa'i bag chags kyis NI NYON MONGS PA'I KUN NAS NYON MONGS PA bzhin no // / ","0.029#TD4093.1E.TXT.r#768358#768358#TD4093.1E.TXT.r_243;TD4093.1E.TXT.r_244# gal te nyan thos la sogs pa rnams thams cad LA NYON MONGS PA CAN gyi rmongs pa dang gtan  nas bral bar mi 'gyur na NI NYON MONGS PA DANG  las dang  SKYE BA'I KUN NAS NYON MONGS PA DANG BRAL bar mi 'gyur te / / +nyon mongs pa dang  las dang  SKYE BA'I KUN NAS NYON MONGS PA RNAMS ni nyon mongs ba can gyi rmongs pa'i rgyu can yin pa'i phyir ro // / "
"560315","TD4027E.TXT.r_1468;TD4027E.TXT.r_1469"," lta ba dang  'dod chags dang   zhe sdang dang  gti mug gi rgyu dang  yang srid pa la smon pa'o // / +de'i gnyen po ni stong pa nyid shes pa dang  mtshan ma med pa'i shes pa dang  smon pa med pa'i shes pa'o // / "
"560330","TD4027E.TXT.r_1470;TD4027E.TXT.r_1471"," las kyi kun nas nyon mongs pa ni dge ba dang mi dge ba'i las mngon par 'du byed pa'o // / +de'i gnyen po ni mngon par 'du mi byed pa shes pa'o // / ","0.018#TD4032E.TXT.r#1959614#1959615#TD4032E.TXT.r_6223;TD4032E.TXT.r_6224# LAS KYI KUN NAS NYON MONGS PA NI DGE BA DANG MI DGE BA'I LAS MNGON PAR 'DU BYED  pa'o zhes bya ba ni srid pa la 'phen pa'i LAS DGE BA DANG MI DGE BA gnyis sogs pa dang mngon par 'grub PA MNGON PAR 'DU BYED PA'O // / +de'i GNYEN PO NI MNGON PAR 'DU MI BYED PA SHES PA'O ZHES bya ba ni / / "
"560341","TD4027E.TXT.r_1472"," skye ba'i kun nas nyon mongs pa ni yang srid par skye ba dang  skyes pa'i sems dang sems las byung ba rnams skad cig re re la byung ba dang  yang srid pa'i rgyun to // / ","0.023#TD4032E.TXT.r#1959637#1959638#TD4032E.TXT.r_6227;TD4032E.TXT.r_6228# TSHE'I KUN NAS NYON MONGS PA NI YANG SRID PAR SKYE BA ZHES ba ba ni nyid mtshams sbyor ba'i sems so // / +skyes PA'I SEMS DANG SEMS LAS BYUNG BA RNAMS SKAD CIG RE RE LA 'BYUNG BA zhes bya ba ni nyid mtshams sbyor ba phan chad ma shi tshun chad do // / ","0.024#TD4039E.TXT.r#1861746#1861746#TD4039E.TXT.r_5409# mi slob pa'i ni tshe 'di LA KUN NAS NYON MONGS PA GNYI ga'i kun nas dkris pa dang  bag la nyal spangs pas na phyi ma la rnam par shes pa'i gnas rnams la  sems KYI KUN NAS NYON MONGS PA DANG bcas PAS YANG SRID PAR SKYE BA MNGON par 'grub par mi 'gyur ro // / "
"560352","TD4027E.TXT.r_1473"," de'i gnyen po ni skya ba med pa shes pa dang  'byung ba  med pa shes pa dang  ngo bo nyid med pa shes pa'o // / "
"560362","TD4027E.TXT.r_1474;TD4027E.TXT.r_1475"," kun nas nyon mongs pa rnam pa de gsum dang bral ba ni rnam par byang ba'o // / +de la stong pa nyid shes pa la sogs pas shes bya stong pa nyid la sogs pa'i chos rnams kun nas nyon mongs pa rnam pa gsum po de dag dang ci     // / "
"560378","TD4027E.TXT.r_1476;TD4027E.TXT.r_1477"," rigs par stong pa nyid la sogs pa'i bar du mi byed kyi / / +rang bzhin gyis stong pa nyid la sogs te / / ","0.019#TD4032E.TXT.r#1960025#1960026#TD4032E.TXT.r_6278;TD4032E.TXT.r_6279# de la ta ba rnams ni stong pa nyid shes pas stong par MI BYED DE / / +de dag ni rang BZHIN GYIS STONG PA NYID  kyi mtshan nyid yin pa'i phyir ro // / ","0.029#TD4032E.TXT.r#1959827#1959827#TD4032E.TXT.r_6247# kun nas nyon mongs pa rnam pa gsum po de dag dang ci RIGS PAR STONG PA NYID LA SOGS PA'I BAR DU MI BYED DE zhes bya ba ni / / "
"560386","TD4027E.TXT.r_1478;TD4027E.TXT.r_1479"," chos kyi dbyings rang bzhin gyis kun nas nyon mongs pa can du ma gyur ba'i phyir ro // / +gal te chos kyi dbyings kun nas nyon mongs par gyur pa'am / / "
"560397","TD4027E.TXT.r_1480"," rnam  par dag par 'gyur ba'o snyam du rnam par rtog pa 'di ni mtha' ste / / "
"560405","TD4027E.TXT.r_1481"," rang bzhin gyis kun nas nyon mongs pa can ma yin pa la ni kun nas nyon mongs pa dang  rnam par byang ba med pa'i phyir ro // / ","0.025#TD4050E.TXT.r#1113993#1113993#TD4050E.TXT.r_2335# KUN NAS NYON MONGS PA MA YIN PA NI RANG BZHIN GYIS KUN NAS NYON MONGS PA MA YIn pa'i PHYIR KUN NAS NYON MONGS PA MA YI pa ste dag pa nyid kyi ye shes de ni drug pa'o // / "
"560413","TD4027E.TXT.r_1482;TD4027E.TXT.r_1483"," mtha' de gnyis yongs su spang ba'i phyir dbu ma'i lam ste / / +gang stong pa nyid  kyis chos rnams stong par mi byed kyi chos rnams nyid kyis stong pa'i zhes 'byung ba la sogs pa'o // / ","0.024#TD4032E.TXT.r#1960088#1960089#TD4032E.TXT.r_6291;TD4032E.TXT.r_6292# nam mkha' bzhin no // / +mtha' DE GNYIS YONGS SU SPANG BAR BYA BA'I PHYIR DBU MA'I LAM STE GANG stong pa nyid rig pa'i bdag nyid kyis shes bya stong  pa nyid la sogs pa'i chos yongs su grub pa'i ngo bo nyid kyi bdag nyid rnams / / ","0.026#TD4069E.TXT.r#622551#622551#TD4069E.TXT.r_84;TD4069E.TXT.r_85# de kun nas slong bar byed pa'i zhes bya ba rgya cher 'byung ba la / / +de kun nas slong bar byed pa'i chos rnams ni bstan pa'i chos kun nas slong bar byed pa sems dang sems las byung ba rtog pa dang dpyod pa dang bcas pa rnams  so ; / / ","0.027#TD4027E.TXT.r#560447#560447#TD4027E.TXT.r_1489;TD4027E.TXT.r_1490# yang na bdag med pa yang med do snyam du rtog pa'i phyir te / / +rnam par rtog pa'i mtha' 'di gnyis SPANG BA'I PHYIR DBU MA'I LAM STE / / ","0.028#TD4095E.TXT.r#99632#99633#TD4095E.TXT.r_7101;TD4095E.TXT.r_7102;TD4095E.TXT.r_7103;TD4095E.TXT.r_7104# dang bcas pa'i / / +dmigs pa dang bcas par 'dzin par byed / / +shes rab dang      // / +gzhan yang dmigs pa dang bcas pa'i chos rnams kyis 'dzin par byed do // / "
"560426","TD4027E.TXT.r_1484;TD4027E.TXT.r_1485;TD4027E.TXT.r_1486"," gzhan yang rnam par rtog pa'i mtha' gnyis rnam par bdun te / / +'di lta ste / / +dngos po yod par rnam par rtog pa yang mtha'o // / ","0.029#TD4032E.TXT.r#1960182#1960182#TD4032E.TXT.r_6303;TD4032E.TXT.r_6305;TD4032E.TXT.r_6306# RNAM PAR RTOG PA'I RAB tu dbye ba bstan pa'i phyir ro / / +dngos PO YOD PAR RNAM PAR RTOG PA YANG MTHA'O // / +dngos PO MED PAR RNAM PAR RTOG PA YANG MTHA'O ZHES pa smos te / / "
"560435","TD4027E.TXT.r_1487;TD4027E.TXT.r_1488;TD4027E.TXT.r_1489"," dngos po med par rnam par rtog pa yang  mtha'o // / +gang zag yang de de gzhig pa'i phyir stong pa nyid do // / +yang na bdag med pa yang med do snyam du rtog pa'i phyir te / / ","0.0#TD4032E.TXT.r#1960195#1960198#TD4032E.TXT.r_6308;TD4032E.TXT.r_6309# gang ZAG YOD DE DE GZHIG PA'I PHYIR STONG PA NYID DO // / +yang NA BDAG MED PA YANG MED DO SNYAM DU RTOG PA'I PHYIR TE ZHES bya ba smos so // / ","0.025#TD4032E.TXT.r#1960182#1960182#TD4032E.TXT.r_6303;TD4032E.TXT.r_6305;TD4032E.TXT.r_6306# rnam par rtog pa'i rab tu dbye ba bstan pa'i phyir ro / / +dngos PO YOD PAR RNAM PAR RTOG PA YANG MTHA'O // / +dngos PO MED PAR RNAM PAR RTOG PA YANG MTHA'O ZHES pa smos te / / ","0.025#TD4032E.TXT.r#1960788#1960788#TD4032E.TXT.r_6410;TD4032E.TXT.r_6411;TD4032E.TXT.r_6412# 'di ni chos su 'dzin pa'i gnyen po'o zhe'o // / +gzung BAR RNAM PAR RTOG PA YANG MTHA'O // / +'dzin PAR RNAM PAR RTOG PA YANG MTHA'O // / "
"560448","TD4027E.TXT.r_1490;TD4027E.TXT.r_1491"," rnam par rtog pa'i mtha' 'di gnyis spang ba'i phyir dbu ma'i lam ste / / +'di lta ste / / ","1.192#TD4027E.TXT.r#560506#560507#TD4027E.TXT.r_1500;TD4027E.TXT.r_1501# sdug bsngal gyis khong dang ngas pas kun brtags pa'i  gzugs la sogs pa la skrag pa'i phyir ro // / +rnam PAR RTOG PA'I MTHA' DE GNYIS yongs su spang ba'i phyir dpe ni ri mo mkhan no // / ","0.026#TD4032E.TXT.r#1960246#1960246#TD4032E.TXT.r_6317# yod pa dang med par rnam    PAR RTOG PA'I MTHA'I 'DI GNYIS SPANG BA'I PHYIR DBU MA'I LAM 'DI lta ste / / ","0.027#TD4027E.TXT.r#560411#560411#TD4027E.TXT.r_1481;TD4027E.TXT.r_1482# rang bzhin gyis kun nas nyon mongs pa can ma yin pa la ni kun nas nyon mongs pa dang  rnam par byang ba med pa'i phyir ro // / +mtha' de gnyis yongs su SPANG BA'I PHYIR DBU MA'I LAM STE / / "
"560456","TD4027E.TXT.r_1492"," gang zag rnam par gzhig pa'i phyir stong pa nyid ma yin gyi stong pa  nyid kyis stong ste / / ","0.015#TD4032E.TXT.r#1960256#1960256#TD4032E.TXT.r_6318;TD4032E.TXT.r_6319# 'od srung GANG ZAG RNAM PAR GZHIG PA'I PHYIR / / +stong PA NYID MA YIN GYI STONG PA NYID KYIS STONG NGO zhes mdo las rgya cher 'byung ba'o // / "
"560464","TD4027E.TXT.r_1493"," sngon gyi mtha' stong pa dang  phyi ma'i mtha' stong pa zhes bya ba la sogs pa rgya cher 'byung ba'o // / "
"560472","TD4027E.TXT.r_1494;TD4027E.TXT.r_1495;TD4027E.TXT.r_1496"," zhi bar bya ba rnam pa yang mtha'o // / +zhi bar byed pa rnam par rtog pa yang mtha' ste / / +spang bar bya ba dang  spong bar byed pa rnam par rtog pas stong pa nyid kyis  skrag pa'i phyir ro // / "
"560484","TD4027E.TXT.r_1497;TD4027E.TXT.r_1498"," rnam par rtog pa'i mtha' de gnyis yongs su spang ba'i phyir dpe nam mkha'o // / +skrag par bya bar rnam par rtog pa yang mtha'o // / ","0.0#TD4027E.TXT.r#560651#560654#TD4027E.TXT.r_1525;TD4027E.TXT.r_1526# ye shes ni blo sngon du 'gro  bas byed pa'am mthu med par rtog pa'o // / +rnam PAR RTOG PA'I MTHA' DE GNYIS YONGS SU SPANG BA'I PHYIR DPE MAR me'o // / ","0.0#TD4027E.TXT.r#560678#560681#TD4027E.TXT.r_1530;TD4027E.TXT.r_1531# kun nas nyon  mongs pa yun ring ba nyid du rtog pa'o // / +rnam PAR RTOG PA'I MTHA' DE GNYIS SPANG ba'i phyir mar me'i dpe gnyis pa'o // / ","0.019#TD4032E.TXT.r#1960461#1960462#TD4032E.TXT.r_6354# de BAS NA RNAM PAR RTOG PA'I MTHA' DE GNYIS YONGS SU SPANG BAR bya ba'i phyir / / ","0.020#TD4032E.TXT.r#1960627#1960628#TD4032E.TXT.r_6386;TD4032E.TXT.r_6387# gzugs la sogs pa de dag dang  de'i mtshan ma rnams kyis 'jigs shing skrag par 'gyur ro // / +rnam par rtog pa'i  MTHA' DE GNYIS YONGS SU SPANG BA'I PHYIR DPE RI mo mkhan te / / ","0.025#TD4032E.TXT.r#1961334#1961335#TD4032E.TXT.r_6496# de bas na nyon mongs pa dang rnam par byang ba gnyis  dus mnyam pa nyid do snyam pa'i RNAM PAR RTOG PA'I MTHA' DE GNYIS YONGS SU SPANG BA'I PHYIR MAR me'i dpe gnyis pa ste / / ","0.029#TD4032E.TXT.r#1961152#1961152#TD4032E.TXT.r_6471;TD4032E.TXT.r_6472# de bas na mi shes pa spang ba'i mthu med do zhes bya ba 'di ni mi BYED PAR RNAM PAR RTOG PA'I MTHA'O // / +rnam PAR RTOG PA'I MTHA' DE GNYIS YONGS SU SPANG BA'I PHYIR DPE MAR me ste / / "
"560494","TD4027E.TXT.r_1499;TD4027E.TXT.r_1500"," skrag par bya ba de las 'jigs par rnam par rtog pa yang mtha' ste / / +sdug bsngal gyis khong dang ngas pas kun brtags pa'i  gzugs la sogs pa la skrag pa'i phyir ro // / ","0.0#TD4032E.TXT.r#1960560#1960563#TD4032E.TXT.r_6374;TD4032E.TXT.r_6375;TD4032E.TXT.r_6376# de'i phyir 'di  ni skrag pa'i gnas ma yin no zhes ston to // / +skrag par bya BAR RNAM PAR RTOG PA YANG MTHA'O // / +skrag PAR BYA BA DE LAS 'JIGS PAR RNAM PAR RTOG PA YANG MTHA' STE / / ","0.024#TD4032E.TXT.r#1960787#1960787#TD4032E.TXT.r_6410;TD4032E.TXT.r_6411# 'di ni chos su 'dzin pa'i gnyen po'o zhe'o // / +gzung BAR RNAM PAR RTOG PA YANG MTHA'O // / ","0.025#TD4032E.TXT.r#1961102#1961102#TD4032E.TXT.r_6463;TD4032E.TXT.r_6464;TD4032E.TXT.r_6465# yang dag pa nyid kyi rjes su mthun pa'i phyir yang dag par so sor rtog pa zhes bya bar ston to // / +byed PAR RNAM PAR RTOG PA  yang mtha'o // / +mi byed PAR RNAM PAR RTOG PA YANG MTHA' STE / / ","0.028#TD4027E.TXT.r#560638#560638#TD4027E.TXT.r_1522;TD4027E.TXT.r_1523;TD4027E.TXT.r_1524# yang dag pa nyid kyi rjes su mthun pa'i phyir ro // / +byed PA RNAM PAR RTOG PA YANG MTHA'O // / +mi byed PAR RNAM PAR RTOG PA YANG MTHA' STE / / "
"560509","TD4027E.TXT.r_1501;TD4027E.TXT.r_1502"," rnam par rtog pa'i mtha' de gnyis yongs su spang ba'i phyir dpe ni ri mo mkhan no // / +dpe snga ma ni nyan thos rnams las brtsams pa'o // / ","0.0#TD4027E.TXT.r#560678#560681#TD4027E.TXT.r_1530;TD4027E.TXT.r_1531# kun nas nyon  mongs pa yun ring ba nyid du rtog pa'o // / +rnam PAR RTOG PA'I MTHA' DE GNYIS SPANG ba'i phyir mar me'i dpe gnyis pa'o // / ","0.0#TD4032E.TXT.r#1960726#1960730#TD4032E.TXT.r_6400;TD4032E.TXT.r_6401# dpe SNGA MA NI NYAN THOS LA sogs PA LAS BRTSAMS PA'O // / ","1.192#TD4027E.TXT.r#560482#560491#TD4027E.TXT.r_1496;TD4027E.TXT.r_1497;TD4027E.TXT.r_1498;TD4027E.TXT.r_1499# spang bar bya ba dang  spong bar byed pa rnam par rtog pas stong pa nyid kyis  skrag pa'i phyir ro // / +rnam PAR RTOG PA'I MTHA' DE GNYIS YONGS SU SPANG BA'I PHYIR DPE NAM mkha'o // / ","0.019#TD4032E.TXT.r#1960461#1960462#TD4032E.TXT.r_6354# de bas na RNAM PAR RTOG PA'I MTHA' DE GNYIS YONGS SU SPANG BAR bya ba'i phyir / / ","0.021#TD4027E.TXT.r#560652#560654#TD4027E.TXT.r_1525;TD4027E.TXT.r_1526# ye shes ni blo sngon du 'gro  bas byed pa'am mthu med par rtog pa'o // / +rnam PAR RTOG PA'I MTHA' DE GNYIS YONGS SU SPANG BA'I PHYIR DPE MAR me'o // / ","0.022#TD4027E.TXT.r#560446#560446#TD4027E.TXT.r_1489;TD4027E.TXT.r_1490# yang na bdag med pa yang med do snyam du rtog pa'i phyir te / / +rnam PAR RTOG PA'I MTHA' 'DI GNYIS spang ba'i phyir dbu ma'i lam ste / / ","0.027#TD4032E.TXT.r#1961335#1961335#TD4032E.TXT.r_6496# de bas na nyon mongs pa dang rnam par byang ba gnyis  dus mnyam pa nyid do snyam pa'i RNAM PAR RTOG PA'I MTHA' DE GNYIS YONGS SU SPANG BA'I PHYIR MAR me'i dpe gnyis pa ste / / ","0.029#TD4032E.TXT.r#1961152#1961152#TD4032E.TXT.r_6471;TD4032E.TXT.r_6472# de bas na mi shes pa spang ba'i mthu med do zhes bya ba 'di ni mi byed par RNAM PAR RTOG PA'I MTHA'O // / +rnam PAR RTOG PA'I MTHA' DE GNYIS YONGS SU SPANG BA'I PHYIR DPE MAR me ste / / "
"560522","TD4027E.TXT.r_1503;TD4027E.TXT.r_1504"," 'di ni byang chub sems dpa' rnams las brtsams pa'o // / +gzung bar rnam par    rtog pa yang mtha'o // / "
"560531","TD4027E.TXT.r_1505;TD4027E.TXT.r_1506"," 'dzin par rnam par rtog pa yang mtha'o // / +rnam par rtog pa'i mtha' de gnyis yongs su spang ba'i phyir dpe sgyu ma mkhan no // / ","0.029#TD4032E.TXT.r#1961151#1961152#TD4032E.TXT.r_6471;TD4032E.TXT.r_6472# de bas na mi shes pa spang ba'i mthu med do zhes bya ba 'di ni mi byed PAR RNAM PAR RTOG PA'I MTHA'O // / +rnam PAR RTOG PA'I MTHA' DE GNYIS YONGS SU SPANG BA'I PHYIR DPE MAR me ste / / "
"560542","TD4027E.TXT.r_1507;TD4027E.TXT.r_1508"," rnam par rig pa tsam du shes pas don dngos po med par byas nas // / +don dngos po med par shes pa des kyang rnam par rig  pa tsam du shes pa de nyid rnam par bzlog go // / ","0.0#TD4032E.TXT.r#1960885#1960892#TD4032E.TXT.r_6425;TD4032E.TXT.r_6426;TD4032E.TXT.r_6427# DON DNGOS PO MED PAR SHES PA DES KYANG RNAM PAR RIG PA TSAM DU SHES PA DE NYID RNAM PAR BZLOG GO // / +don  dngos po med na rnam par shes pa mi srid pa'i phyir te / / ","0.020#TD4032E.TXT.r#1960875#1960877#TD4032E.TXT.r_6424;TD4032E.TXT.r_6425# RNAM PAR RIG PA TSAM DU SHES PAS DON DNGOS PO MED PAR SHES PAR BYAS NAS / / ","0.024#TD4009E.TXT.r#330227#330228#TD4009E.TXT.r_1390;TD4009E.TXT.r_1391# gzung ba'i don du gzung ba med pas snang ba med pa'o // / +'dzin pa'i DON RNAM PAR RIG PA TSAM DU gzung du med pas rnam par rig par med pa'o // / ","0.024#TD4050E.TXT.r#1114814#1114814#TD4050E.TXT.r_2437# gang  gis chos la longs spyod pa myong ba dang  lhan cig tu chos dang ldan pa'i don dang  sems can yongs su smin par byed pa'i don yang ye shes kyi pha rol tu phyin pas rnam par gzhag pa yin no // / ","0.028#TD4038.2E.TXT.r#3098933#3098933#TD4038.2E.TXT.r_1067;TD4038.2E.TXT.r_1068# rnam par shes pa zhes rnam par rtog par byed pa'i yongs su rtog pa gang yin pa'o // / +de la don la brten pa'i don gyi ngo bo nyid la yongs su rtog pa ni 'di lta ste / / ","0.029#TD4047E.TXT.r#1203139#1203139#TD4047E.TXT.r_11573;TD4047E.TXT.r_11574;TD4047E.TXT.r_11575# ko bas pha rol tu sgrol bar byed pa la ko bas sgrol zhes bya ba lta bu'o // / +dam pa'i shes pa ni 'jig rten las 'das pa'o // / +de'i don ni don dam  pa ste / / ","0.029#TD4019E.TXT.r#2421769#2421769#TD4019E.TXT.r_1884;TD4019E.TXT.r_1885# des na 'dir phyogs chos ni rang rig pa'i mngon sum nyid kyis grub par zad do // / +khyab pa'i don yang de dag bsags par snang ba'i don med ci mi bden na ni // / "
"560558","TD4027E.TXT.r_1509;TD4027E.TXT.r_1510"," don dngos po med na rnam par rig pa mi srid pa'i phyir te / / +de ltar na 'di ni 'dir mtshungs so // / "
"560568","TD4027E.TXT.r_1511;TD4027E.TXT.r_1512;TD4027E.TXT.r_1513"," yang dag pa nyid du rnam par rtog pa yang mtha'o // / +log pa nyid du rnam par rtog pa yang mtha' ste / / +yang dag par so sor rtog pa na  yang dag pa nyid du'am / / ","0.016#TD4032E.TXT.r#1960943#1960944#TD4032E.TXT.r_6434;TD4032E.TXT.r_6435;TD4032E.TXT.r_6436# don med NA RNAM PAR RIG PA tsam yang med pa'i phyir ro // / +yang DAG PA NYID DU RNAM PAR RTOG PA YANG MTHA'O // / +log PA NYID DU RNAM PAR RTOG PA YANG MTHA' STE / / ","0.019#TD4032E.TXT.r#1960954#1960954#TD4032E.TXT.r_6437;TD4032E.TXT.r_6438# nges par 'byed pa'i cha dang mthun pa'i DUS NA YANG DAG PAR SO SOR RTOG PA NA YANG DAG PA NYID DU'AM / / +log pa nyid du rtogs pa'i mtha' gnyis so // / "
"560579","TD4027E.TXT.r_1514;TD4027E.TXT.r_1515"," log pa nyid du rtog pa'o // / +mtha' de gnyis yongs su spang ba'i phyir dpe shing gnyis las me 'byung ba ste / / ","0.019#TD4032E.TXT.r#1960954#1960954#TD4032E.TXT.r_6437;TD4032E.TXT.r_6438# nges par 'byed pa'i cha dang mthun pa'i dus na yang dag par so sor rtog pa na yang dag pa nyid du'am / / +log PA NYID DU RTOGS PA'I mtha' gnyis so // / ","0.028#TD4032E.TXT.r#1960997#1960998#TD4032E.TXT.r_6446;TD4032E.TXT.r_6447# mtha' DE GNYIS YONGS SU SPANGS PA'I PHYIR / / +dpe SHING GNYIS LA ME 'BYUNG BA DE / / "
"560591","TD4027E.TXT.r_1516"," dper na me'i mtshan nyid ma yin pa shing gnyis las med 'byung ste / / ","0.008#TD4032E.TXT.r#1961042#1961043#TD4032E.TXT.r_6453;TD4032E.TXT.r_6454# de'i don ni 'di yin te / / +dper NA ME'I MTSHAN NYID MA YIN PA SHING GNYIS LAS ME 'BYUNG STE / / "
"560600","TD4027E.TXT.r_1517;TD4027E.TXT.r_1518"," byung nas kyang shing gnyis tshig par byed do // / +de bzhin du yang dag pa nyid  kyi mtshan nyid ma yin pa yang dag pa ji lta ba bzhin du so sor rtog pa las yang dag pa nyid kyi mtshan nyid 'phags pa'i shes rab kyi dbang po skye ste / / ","0.0#TD4032E.TXT.r#1961062#1961070#TD4032E.TXT.r_6456;TD4032E.TXT.r_6457;TD4032E.TXT.r_6458# de bzhin  DU YANG DAG PA NYID KYI MTSHAN NYID MA YIN PA YANG DAG PAR SO SOR RTOG PA LAS / / +YANG DAG PA NYID KYI MTSHAN NYID 'PHAGS PA'I SHES RAB KYI DBANG PO SKYE STE / / ","0.011#TD4032E.TXT.r#1961049#1961053#TD4032E.TXT.r_6454;TD4032E.TXT.r_6455;TD4032E.TXT.r_6456# dper na ME'I MTSHAN NYID MA YIN PA SHING gnyis las me 'byung ste / / +byung NAS KYANG SHING GNYIS TSHIG PAR BYED DO // / "
"560620","TD4027E.TXT.r_1519;TD4027E.TXT.r_1520"," skyes nas kyang yang dag par so sor rtog pa de nyid rnam par 'jig par byed de / / +de lta bas na 'di ni 'dir mtshungs so // / ","0.018#TD4032E.TXT.r#1961028#1961029#TD4032E.TXT.r_6451;TD4032E.TXT.r_6452# 'od SRUNGS YANG DAG PAR SO SOR  rtog pa yod na 'phags pa'i shes rab kyi dbang po skye ste / / +skyes ma thag tu YANG DAG PAR SO SOR RTOG PA NYID tshig par byed do zhes 'byung ngo // / "
"560631","TD4027E.TXT.r_1521;TD4027E.TXT.r_1522"," yang  dag par so sor rtog pa yang dag pa nyid kyi mtshan nyid ma yin kyang log pa nyid kyi mtshan nyid kyang ma yin te / / +yang dag pa nyid kyi rjes su mthun pa'i phyir ro // / "
"560640","TD4027E.TXT.r_1523;TD4027E.TXT.r_1524;TD4027E.TXT.r_1525"," byed pa rnam par rtog pa yang mtha'o // / +mi byed par rnam par rtog pa yang mtha' ste / / +ye shes ni blo sngon du 'gro  bas byed pa'am mthu med par rtog pa'o // / "
"560654","TD4027E.TXT.r_1526;TD4027E.TXT.r_1527"," rnam par rtog pa'i mtha' de gnyis yongs su spang ba'i phyir dpe mar me'o // / +skye ba med par rnam par rtog pa yang mtha'o // / ","0.0#TD4027E.TXT.r#560482#560485#TD4027E.TXT.r_1496;TD4027E.TXT.r_1497# spang bar bya ba dang  spong BAR BYED PA RNAM PAR RTOG PAS STONG pa nyid kyis  skrag pa'i phyir ro // / +rnam PAR RTOG PA'I MTHA' DE GNYIS YONGS SU SPANG BA'I PHYIR DPE NAM mkha'o // / ","0.015#TD4090.2E.TXT.r#1069453#1069454#TD4090.2E.TXT.r_2789;TD4090.2E.TXT.r_2790# lam ni zad par bsgom par mi nus pas mngon PAR RTOGS PA'I MTHA' MED pa'i phyir / / ","0.020#TD4032E.TXT.r#1960627#1960627#TD4032E.TXT.r_6386;TD4032E.TXT.r_6387# gzugs la sogs pa de dag dang  de'i mtshan ma rnams kyis 'jigs shing skrag par 'gyur ro // / +rnam par rtog pa'i  MTHA' DE GNYIS YONGS SU SPANG BA'I PHYIR DPE RI mo mkhan te / / ","0.020#TD4093.2E.TXT.r#2001935#2001936#TD4093.2E.TXT.r_3448# brnab sems dang ldan pa zhes bya ba ni ma byin par len pa dang 'dod pas log par gyem pa gnyis chags pas mthar phyin par byed pa'i phyir gnyis dang sems pa lhan cig 'byung ste / / ","0.021#TD4070E.TXT.r#2810940#2810940#TD4070E.TXT.r_1315;TD4070E.TXT.r_1316# de ni go sla bas ma bshad do // / +grub pa'i mtha' smra bas de rab tu bstan pa'i phyir / / ","0.022#TD4027E.TXT.r#557160#557161#TD4027E.TXT.r_845;TD4027E.TXT.r_846# sdug bsngal gyi rgyu ni sgrub pa gang yin pa'o // / +de gnyis zhi ba'i phyir 'gog pa'i bden pa'o // / ","0.025#TD4018E.TXT.r#3077703#3077703#TD4018E.TXT.r_9611# gnyis kyi rnam pa'i shes pas mgo 'khor ba dang  brgyal ba la sogs pa'i shes pa bzhin du rnam par slu ba'i phyir des na mnyam par mi  'jog pas dkrugs pa'i gnyis kyi rnam pa'i chud pa gnyis su med pa'i de kho na nyid me shes so // / ","0.025#TD4032E.TXT.r#1961334#1961335#TD4032E.TXT.r_6496# de bas na nyon mongs pa dang rnam par byang ba gnyis  dus mnyam pa nyid do snyam PA'I RNAM PAR RTOG PA'I MTHA' DE GNYIS YONGS SU SPANG BA'I PHYIR MAR me'i dpe gnyis pa ste / / ","0.025#TD4046E.TXT.r#2205597#2205598#TD4046E.TXT.r_1303;TD4046E.TXT.r_1304# de bzhin du gnyi gar phan 'dogs par byed pa'i phyir // / +de gnyis la yang dag par zhugs pa'i sems can sdud pas     // / ","0.025#TD4047E.TXT.r#1179352#1179353#TD4047E.TXT.r_8379# de bzhin du gnyi gar  phan 'dogs par byed pa'i phyir de gnyis la yang dag par zhugs pa'i sems can sdud pas na sdud pa'i tshul khrims so // / ","0.026#TD4032E.TXT.r#1960461#1960462#TD4032E.TXT.r_6354# de bas NA RNAM PAR RTOG PA'I MTHA' DE GNYIS YONGS SU SPANG BAR bya ba'i phyir / / ","0.027#TD4066E.TXT.r#2106465#2106465#TD4066E.TXT.r_614# tshor ba dang  'du shes gnyis sems las byung ba nyid yin du zin kyang tshor ba dang 'du shes gnyis phung por bsdus pas 'du byed kyi phung por ma  bsdus par bstan pa'i phyir ro // / ","0.028#TD4029E.TXT.r#2134734#2134734#TD4029E.TXT.r_1865# de nyid kyi phyir mjug thogs su bsgoms pa las byung ba'i shes pas de rnyed par rig par bya'o zhes bshad do gnyis mi dmigs pas rnyed pa  las ji skad bshad pa ltar gnyis mi dmigs pa'i phyir ro zhes bya ba ni sngar phyir nang gi dmigs pa gnyis po thams cad kyi de bzhin nyid rnyed pa ni gzung ba dang 'dzin pa de gnyis nyid mi dmigs pa las rig pa bya'o zhes gnyi ga'i dmigs pa rnyed pa lta bu bshad pa yin te / / ","0.029#TD4061E.TXT.r#1523609#1523609#TD4061E.TXT.r_1484;TD4061E.TXT.r_1485# bde ba'i phyir ni bdag nyid dub par gnas pa'i rjes su sbyor ba'i  mtha' yongs su spong ba yin no // / +phan pa dang bde ba'i phyir ni gnyis ka'i mtha' spangs nas dbu ma ba'i lam bsgom pa yin no // / "
"560665","TD4027E.TXT.r_1528;TD4027E.TXT.r_1529;TD4027E.TXT.r_1530"," dus mnyam pa nyid du rnam par rtog pa yang mtha' ste / / +gal te gnyen po ma skyes pa'am / / +kun nas nyon  mongs pa yun ring ba nyid du rtog pa'o // / "
"560679","TD4027E.TXT.r_1531"," rnam par rtog pa'i mtha' de gnyis spang ba'i phyir mar me'i dpe gnyis pa'o // / ","0.0#TD4027E.TXT.r#560482#560485#TD4027E.TXT.r_1496;TD4027E.TXT.r_1497# spang bar bya ba dang  spong bar byed pa rnam par rtog pas stong pa nyid kyis  skrag pa'i phyir ro // / +rnam PAR RTOG PA'I MTHA' DE GNYIS YONGS su spang ba'i phyir dpe nam mkha'o // / ","0.0#TD4027E.TXT.r#560651#560654#TD4027E.TXT.r_1525;TD4027E.TXT.r_1526# ye shes ni blo sngon du 'gro  bas byed pa'am mthu med par rtog pa'o // / +rnam PAR RTOG PA'I MTHA' DE GNYIS YONGS su spang ba'i phyir dpe mar me'o // / ","0.020#TD4032E.TXT.r#1960627#1960627#TD4032E.TXT.r_6386;TD4032E.TXT.r_6387# gzugs la sogs pa de dag dang  de'i mtshan ma rnams kyis 'jigs shing skrag par 'gyur ro // / +rnam par rtog pa'i  mtha' de gnyis yongs su spang ba'i phyir dpe ri mo mkhan te / / ","0.020#TD4032E.TXT.r#1961152#1961152#TD4032E.TXT.r_6471;TD4032E.TXT.r_6472# de bas na mi shes pa spang ba'i mthu med do zhes bya ba 'di ni mi byed par RNAM PAR RTOG PA'I MTHA'O // / +rnam PAR RTOG PA'I MTHA' DE GNYIS YONGS su spang ba'i phyir dpe mar me ste / / ","0.025#TD4032E.TXT.r#1961334#1961335#TD4032E.TXT.r_6496# de bas na nyon mongs pa dang rnam par byang ba gnyis  dus mnyam pa nyid do snyam pa'i RNAM PAR RTOG PA'I MTHA' DE GNYIS YONGS su SPANG BA'I PHYIR MAR ME'I DPE GNYIS PA ste / / ","0.026#TD4032E.TXT.r#1960461#1960462#TD4032E.TXT.r_6354# de bas na RNAM PAR RTOG PA'I MTHA' DE GNYIS YONGS su spang bar bya ba'i phyir / / "
"560687","TD4027E.TXT.r_1532;TD4027E.TXT.r_1533"," mtha' gnyis spang ba'i sgrub pa bshad zin to // / +khyad par can dang khyad par med pa sgrub pa gang zhe na / / "
"560696","TD4027E.TXT.r_1534;TD4027E.TXT.r_1535;TD4027E.TXT.r_1536;TD4027E.TXT.r_1537"," khyad par can dang khyad med ni // / +sa bcu dag tu     // / +shes par bya // / +sa gang la pha rol tu phyin pa gang gi shas che ba de ni khyad par can no // / "
"560707","TD4027E.TXT.r_1538;TD4027E.TXT.r_1539;TD4027E.TXT.r_1540"," thams cad du thams cad la yang dag par bsgrub pa ni khyad par med pa'o // / +bsgrub pa bla na med pa nyid bshad zin to // / +dmigs pa bla na med pa nyid gang zhe na / / "
"560718","TD4027E.TXT.r_1541;TD4027E.TXT.r_1542;TD4027E.TXT.r_1543"," rnam par gzhag dang de bzhin  dbyings // / +bsgrub dang sgrub dang 'dzin pa dang / / +nges par 'dzin dang rab tu 'dzin // / ","0.0#TD4021E.TXT.r#2101986#2101993#TD4021E.TXT.r_473;TD4021E.TXT.r_474;TD4021E.TXT.r_475;TD4021E.TXT.r_476;TD4021E.TXT.r_477# sa bcu dag tu shes par bya // / +rnam PAR GZHAG DANG DE BZHIN DBYINGS // / +sgrub DANG SGRUB DANG 'DZIN PA DANG / / "
"560729","TD4027E.TXT.r_1544;TD4027E.TXT.r_1545"," rab tu rtogs dang rab rgyas dang / / +rnam par rtog dang rnal 'dug dang / / ","0.0#TD4021E.TXT.r#2101994#2102001#TD4021E.TXT.r_476;TD4021E.TXT.r_477;TD4021E.TXT.r_478;TD4021E.TXT.r_479# nges par 'dzin dang rab tu  'dzin ; / / +rab TU RTOGS DANG RAB RGYAS DANG / / "
"560737","TD4027E.TXT.r_1546;TD4027E.TXT.r_1547;TD4027E.TXT.r_1548"," phul du byung ba'i dmigs par 'dod // / +dmigs pa ni rnam pa bcu gnyis po 'di dang ste / / +'di ltar chos brtags pa rnam par gzhag  pa'i dmigs pa dang  chos kyi dbyings kyi dmigs pa dang  bsgrub bya'i dmigs pa dang  sgrub pa'i dmigs pa dang  'dzin pa'i dmigs pa dang  nges par 'dzin pa'i dmigs pa dang  rab tu 'dzin pa'i dmigs pa dang  rab tu rtogs pa'i dmigs pa dang  rab tu rgyas pa'i  dmigs pa dang  rnam par khong du chud pa'i dmigs pa dang  rnal du 'dug pa'i dmigs pa dang  phul du byung ba'i dmigs pa'o // / ","0.014#TD4054E.TXT.r#1007935#1007937#TD4054E.TXT.r_2812# yul yongs SU CHAD PA'I DMIGS PA DANG  yul yongs su MA CHAD PA'I DMIGS PA DANG  yul la bkra bar 'dzin pa MED PA'I DMIGS PA DANG  yul la bkra BAR 'DZIN PA'I DMIGS PA dang  dngos po dang bcas pa'i yul gyi dmigs pa dang  dngos po med  ba'i yul gyi dmigs pa dang  kun brtags pa'i yul gyi dmigs pa dang  phyin ci log gi dmigs pa dang  phyin ci ma LOG PA'I DMIGS PA DANG  thogs pa dang BCAS PA'I DMIGS PA DANG  thogs pa med pa'i dmigs pas kyang dmigs pa'i rkyen du blta bar bya'o // / ","0.015#TD4026E.TXT.r#288525#288530#TD4026E.TXT.r_2345;TD4026E.TXT.r_2346;TD4026E.TXT.r_2347# ming la dmigs pa dang  tshig  la dmigs pa dang  yi ge la dmigs pa dang  gang zag la bdag med pa la dmigs pa ni tshor ba dang  chos la bdag med pa la dmigs pa dang  gzugs can gyi chos la dmigs pa dang  gzugs can ma yin pa'i chos la dmigs pa'o // / ","0.016#TD4093.2E.TXT.r#2023865#2023866#TD4093.2E.TXT.r_6633# gzugs med pa na spyod pa dge ba nam mkha' mtha' yas skye mched kyis bsdus pa rags la sogs pa'i rnam par sa 'og ma'i bsgom pas spang bar bya ba'i sems la dmigs pa dang  zag pa med pa'i dmigs pa yin no // / ","0.021#TD4039E.TXT.r#1874323#1874324#TD4039E.TXT.r_6915;TD4039E.TXT.r_6916# bdun gang zhe na / / +thos pa las byung ba'i yid la BYED PA'I DMIGS PA DANG  bsams pa LAS BYUNG BA'I DMIGS PA dang  bsgoms pa LAS BYUNG BA'I DMIGS PA dang  yid la byed pa  gsum po de dag nyid kyi sbyor ba'i tshe yang zang zing gi longs spyod kyi zang zing gi longs yongs su spyod PA KHONG DU CHUD PA dang zang zing dang chos kyi longs spyod gzhan las dus dus su 'thob pa dang  mthar thug pa'i che yang bdag nyid mngon pa'i nga rgyal med pas chud za bar mi 'gyur ba dang  gzhan  la mngon pa'i nga rgyal med pas chud za bar mi 'gyur ro // / ","0.025#TD4032E.TXT.r#1961599#1961599#TD4032E.TXT.r_6539;TD4032E.TXT.r_6540# RNAM PAR GZHAG PA'I DMIGS PA NAS / / +phul DU BYUNG BA'I DMIGS PA'I BAR du'o // / ","0.025#TD4054E.TXT.r#1028095#1028095#TD4054E.TXT.r_6138;TD4054E.TXT.r_6139# sdug bsngal KUN 'BYUNG BA'I DMIGS PA ni de dang bral ba tshol bas / / +de la dmigs pa ni 'dod chags dang bral bar gnas pa'o // / ","0.027#TD4054E.TXT.r#1000391#1000391#TD4054E.TXT.r_1498;TD4054E.TXT.r_1499# kun nas nyon mongs par 'gyur ba'i dmigs pa ni kun rdzob tu yod pa'o zhes pa ni / / +kun nas nyon mongs par 'gyur ba'i dmigs pa ni kun nas nyon mongs pa 'phel ba'i phyir ro // / ","0.027#TD4016.2E.TXT.r#2344983#2344983#TD4016.2E.TXT.r_3954# 'di lta ste spyod pa rnam par sbyong BA'I DMIGS PA DANG MKHAS PA'I DMIGS PA DANG NYON mongs pa rnam par sbyong BA'I DMIGS PA DAG LA ji snyed yod pa nyid kyis rnam par 'byed do // / ","0.027#TD4049E.TXT.r#2294639#2294645#TD4049E.TXT.r_1339;TD4049E.TXT.r_1340# yul yongs SU CHAD PA'I DMIGS PA DANG  yul yongs su MA CHAD PA'I DMIGS PA DANG  yul la bkra bar 'dzin ba MED PA'I DMIGS PA DANG  yul  la bkra BAR 'DZIN PA'I DMIGS PA dang  dngos po dang bcas pa'i yul gyi dmigs pa dang  dngos po med pa'i yul gyi dmigs pa dang  dngos po'i dmigs pa dang  KUN BRTAGS PA'I DMIGS PA DANG  phyin ci log gi dmigs pa dang  phyin ci ma log pa'i dmigs     // / ","0.028#TD4036E.TXT.r#33852#33852#TD4036E.TXT.r_5180# gzhi 'gag pa dang  gzhi 'pho ba dang  dmigs pa yongs su shes pa dang  dmigs pa la mngon par dga' ba'o // / ","0.028#TD4032E.TXT.r#1928345#1928345#TD4032E.TXT.r_1373;TD4032E.TXT.r_1375# phyin ci log ni rnam par     // / +rnam PAR RTOG PA'I DMIGS PA MA yin pas phyin ci ma log pa'o // / ","0.029#TD4092.2E.TXT.r#2577732#2577732#TD4092.2E.TXT.r_5231;TD4092.2E.TXT.r_5232# lam  mthong ba dang bsgom pas spang bar bya ba dang zhes bya ba ni lam gyis bsdus pa'i bde ba'i dbang po ni gzugs med pa na spyod pa'i sems lam mthong bas spang bar bya ba log par lta ba la sogs pa dang mtshungs PAR LDAN PA'I DMIGS PA yin no // / +de nyid bsgom pas spang bar bya ba'i  sems dge ba'i dmigs pa yang yin no // / ","0.029#TD4054E.TXT.r#1000433#1000434#TD4054E.TXT.r_1506;TD4054E.TXT.r_1507# rnam par dag par 'gyur ba'i dmigs pa ni don dam par yod pa'o // / +rnam par dag par 'gyur ba'i dmigs pa ni don dam par yod pa ste / / "
"560776","TD4027E.TXT.r_1549;TD4027E.TXT.r_1550"," de la dang po ni pha rol tu phyin pa la sogs pa'i chos gang dag rnam par 'jog pa'o // / +gnyis pa ni de bzhin nyid do // / "
"560785","TD4027E.TXT.r_1551;TD4027E.TXT.r_1552"," gang gsum pa dang bzhi pa de dag  nyid la go rims bzhin te / / +chos kyi dbyings rab tu rtogs pas pha rol tu phyin pa la sogs pa'i chos rnams khong du chud pa'i phyir ro // / ","0.0#TD4032E.TXT.r#1961694#1961700#TD4032E.TXT.r_6559;TD4032E.TXT.r_6560;TD4032E.TXT.r_6561;TD4032E.TXT.r_6562# 'dir rgyu smos pa / / +chos KYI DBYINGS RAB TU RTOGS PAS / / +pha ROL TU PHYIN PA LA SOGS PA'I CHOS RNAMS KHONG DU CHUD PA'I PHYIR RO ZHES bya ba'o // / "
"560798","TD4027E.TXT.r_1553;TD4027E.TXT.r_1554"," lnga pa ni thos pa las byung ba'i shes pa'i dmigs pa'o // / +drug pa ni bsams pa las byung ba'i ste rtogs nas 'dzin pa'i phyir ro // / ","0.017#TD4093.1E.TXT.r#823562#823565#TD4093.1E.TXT.r_9506# slob pa dang mi slob pa'i bye brag dang  gang zag gi bye brag dang  gnyen po'i bye brag gis  'phags pa'i chos rnams mang ba'i phyir dang  'phags pa'i chos rnams kyi ma rnyed pa'o zhes khyad par med par brjod pa'i phyir 'phags pa'i chos gang dag gi zhes dris dang  de'i phyir / / ","0.022#TD4016.1E.TXT.r#464355#464355#TD4016.1E.TXT.r_1946;TD4016.1E.TXT.r_1947;TD4016.1E.TXT.r_1948# ji ltar phung po rnams kyi gang zag mngon par 'grub par byed pa de bzhin du bdag gis thos pa zhes bya ba yang 'jig rten pa'i phyir ni yod pa'o // / +don dam pa'i phyir ni med pa'o zhes bshad pa dag go // / +gnyis pa ni gang zag so so'i grub pa'i mtha' ste / / ","0.022#TD4038.1E.TXT.r#2784062#2784065#TD4038.1E.TXT.r_11551;TD4038.1E.TXT.r_11552;TD4038.1E.TXT.r_11553# de dag kyang rnam par shes pas ci rigs par rnam par shes par bya ba dag yin no // / +rnam par shes par bya ba'i chos rnams rnam par shes par bya ba'i phyir / / ","0.023#TD4037E.TXT.r#1321802#1321802#TD4037E.TXT.r_829;TD4037E.TXT.r_830# 'phags pa'i lam yan lag brgyad pa ni yongs su nyams pa ma yin pa dang  'bras bu longs spyod pas yongs su zad par    mi 'gyur ba'i phyir gtan du ba yin no // / +de las gzhan pa dge ba'i zag pa dang bcas pa'i chos rnams ni yongs su nyams pa dang  'bras bu longs spyad nas yongs su zad par 'gyur ba'i phyir gtan du ba ma yin te / / ","0.023#TD4047E.TXT.r#1135872#1135873#TD4047E.TXT.r_2122;TD4047E.TXT.r_2123# da ni btung ba byin pas stobs dang ldan zhes bya  ba'i mdo'i rjes su 'brangs nas rgyu gnyis pa bstan pa'i phyir / / +brtas par 'gyur ba ni stobs skyed par byed pa'o // / ","0.024#TD4032E.TXT.r#1961712#1961715#TD4032E.TXT.r_6562;TD4032E.TXT.r_6563;TD4032E.TXT.r_6564# chos kyi dbyings rab tu rtogs pas zag pa med pa'i pha rol tu phyin pa rnams mngon par khong du chud ces bya ba'i tha tshig ste  dang po ni SGRUB PA'I DMIGS PA'O // / +gnyis pa ni SGRUB PA'I DMIGS PA'O // / ","0.024#TD4018E.TXT.r#3031909#3031909#TD4018E.TXT.r_3680# zab mo'i chos la mos pa'i phyir rnams la mos pa'i mi gnyis pa ste / / ","0.024#TD4016.1E.TXT.r#522644#522644#TD4016.1E.TXT.r_9516# yul tha dad pa drug po dag la rags par  gyo ba dang  bar du chod pa'i rnam par rig pas 'jug pa'i phyir ro // / ","0.026#TD4049E.TXT.r#2305283#2305283#TD4049E.TXT.r_3085# 'bel ba'i gtam gyis gtan la 'bebs pas chos la rdzogs par longs spyod pas bde ba la reg par gnas par bya ba'i phyir / / ","0.026#TD4013E.TXT.r#616715#616715#TD4013E.TXT.r_886;TD4013E.TXT.r_887# 'di skad du gsung gi dkyil 'khor gcig gis bsdus pa skad ci khyad par thams cad dang ldan pa de dag gis phyogs dang dus thams cad na rnam par bzhugs pa'i sangs rgyas bcom ldan 'das  rnams kyi chos gdul bya'i bsam pa tha dad pas so sor tha dad par bshad par bya'o zhes bshad pa yin no // / +de nyid bstan pa'i phyir / / ","0.026#TD4054E.TXT.r#1040237#1040238#TD4054E.TXT.r_7862# gang zag dang chos la bdag med pa'i dbang du bya ba'i chos la sbyor ba'i 'phen pas 'jig rten las 'das pa'i ye shes kyis de gnyi gar rab tu rtogs pa'i phyir ro // / ","0.026#TD4041E.TXT.r#1276216#1276216#TD4041E.TXT.r_1112;TD4041E.TXT.r_1113# yang dag par blangs pa gtang ba'i phyir na tshul khrims  'chal ba'o // / +sdig pa'i chos mngon par btang ba yang len pa'i phyir na sdig pa'i chos rnams so // / ","0.027#TD4018E.TXT.r#3081332#3081333#TD4018E.TXT.r_10082;TD4018E.TXT.r_10083# 'phags pa lang kar gshegs pa'i bshad pa ye shes dpal bzang pos sbyar ba'i le'u  gsum pa las sangs rgyas kyi chos dpyad pa'i 'og tu rten cing 'brel te 'byung ba dang mi rtag pa la sogs pa'i chos thor bu dpyad pa bcva lnga pa'o //// / +thams cad mkhyen pas rgyu dang 'bras bu'i dngos por dgongs pa'i bsdu ba'i don ni 'di yin te / / ","0.027#TD4093.2E.TXT.r#2055139#2055139#TD4093.2E.TXT.r_11102;TD4093.2E.TXT.r_11103# dang por nges par 'byed pa'i cha dang mthun pa'i chos thob pa'i phyir ro // / +yongs su nyams par mi 'gyur ba'i dge ba'i rtsa ba la 'jug ba'i phyir rtse mo dag la ni rdzu 'phrul gyi rkang pa rnams so zhes bya ba la / / ","0.028#TD4093.2E.TXT.r#2001935#2001935#TD4093.2E.TXT.r_3448# brnab sems dang ldan pa zhes bya ba ni ma byin par len pa dang 'dod pas log par gyem pa gnyis chags pas mthar phyin par byed pa'i phyir gnyis dang sems pa lhan cig 'byung ste / / ","0.028#TD4016.1E.TXT.r#501103#501103#TD4016.1E.TXT.r_6792# gzhan yang mdzod kyi bstan bcos las dri dang ro dang reg bya gsum ni lung du mi ston pa'i ngo bo nyid yin pa'i phyir dang  shi ba bzhin du shes pa med pa'i phyir mngon par rtogs ba dag gis logs shig  tu bye brag phyed pa'i ming rnam par gzhag pa yin no // / ","0.028#TD4038.1E.TXT.r#2788576#2788576#TD4038.1E.TXT.r_12125;TD4038.1E.TXT.r_12126# DES THOS PA LAS BYUNG BA'I SHES PAS brtson par byed pa nas / / +THOS PA LAS BYUNG BA'I SHES PA rnam par dag par bya ba'i phyir / / ","0.028#TD4009E.TXT.r#348406#348408#TD4009E.TXT.r_3838;TD4009E.TXT.r_3839;TD4009E.TXT.r_3840# dang po dang gnyis pas ni mi bzod PA'I NYES PA'O // / +gsum pa  dang bzhi pas ni sdig pa 'chab PA'I NYES PA'O // / ","0.029#TD4018E.TXT.r#3064452#3064452#TD4018E.TXT.r_7845# bsam  pa med cing snang ba med pa don dam pa'i bden pa mi gnyis par yang dag par rig pa ni mtshan ma thams cad las 'das pas na der yod pa dang  med pa dang  rtag pa dang  mi rtag pa dang  bde ba dang  sdug bsngal ba dang  bdag dang  bdag med pa dang  mdzes pa dang  mi    mdzes pa la sogs par tha dad par snang ba'i rnam par rtog pa'i mtshan ma med pa'i phyir ro // / ","0.029#TD4095E.TXT.r#96172#96172#TD4095E.TXT.r_6431# phyir mi 'ong ba dbang po rnon po rnams ni gnas gtsang mar skye bar bya ba'i phyir dang  mthong ba'i chos la bde bar gnas par bya ba'i phyir ro // / ","0.029#TD4047E.TXT.r#1134179#1134181#TD4047E.TXT.r_1872;TD4047E.TXT.r_1873# 'jig rten pa rnams kyi tshad ma'i dbang du byas nas lnga pa'o // / +tshad mar gyur pa'i grags pa'i  tshigs su bcad pa'i dbang du byas nas ni drug pa'o // / ","0.029#TD4032E.TXT.r#1961698#1961698#TD4032E.TXT.r_6561;TD4032E.TXT.r_6562# pha rol tu phyin pa la sogs pa'i chos rnams khong du chud pa'i phyir ro zhes bya ba'o // / +chos kyi dbyings rab tu rtogs pas zag pa med pa'i pha rol tu phyin pa rnams mngon par khong du chud ces bya ba'i tha tshig ste  dang po ni SGRUB PA'I DMIGS PA'O // / ","0.029#TD4016.1E.TXT.r#508640#508640#TD4016.1E.TXT.r_7753# 'di ltar 'phags pa rnams yang dag pa ji lta ba bzhin du  dngos po rnams sgyu ma la sogs pa lta bur yang dag pa'i ngo bo nyid med par khong du chud pa'i phyir ro // / ","0.029#TD4047E.TXT.r#1198120#1198120#TD4047E.TXT.r_10928# rnam pa  'di ldas snod du rung bar byas nas yang nye bar zhi ba'i rgyur gyur pa'i chos lnga bstan par bya ste / / ","0.029#TD4037E.TXT.r#1332812#1332812#TD4037E.TXT.r_2327# sems can rnams kyis gces par bya ba bskyed pa'i phyir dang  bzo dang las kyi gnas shes pa sbyin pa'i phan 'dogs pas bsdus pa'i phyir ro // / ","0.029#TD4092.2E.TXT.r#2625944#2625945#TD4092.2E.TXT.r_11139;TD4092.2E.TXT.r_11140# de med pa'i phyir ro // / +sa 'og ma pa'i zag pa med pa'i shes pa bsam gtan gnyis pa'i sa pa dang  bsam gtan dang po'i sa pa dang  mi lcogs pa med pa'i sa pa de lta bu ni 'thob po // / ","0.029#TD4016.3E.TXT.r#264823#264823#TD4016.3E.TXT.r_6429;TD4016.3E.TXT.r_6430# rigs kyi bu de lta na 'thad pas sgrub pa'i rigs pa ni mngon sum gyi tshad ma'i phyir dang  rjes su dpag pa'i tshad ma'i phyir dang  'phags pa'i lung gi tshad ma'i phyir dang  mtshan nyid lnga po dag gis yongs su dag pa yin no zhes bya ba ni gnyis pa tshad ma gsum las brtsams nas mtshan nyid  snga ma lnga po dag yongs su dag pa'i mtshan nyid du bstan pa'o // / +'di ltar bstan pa'i 'thad pas sgrub pa'i rigs pa las mtshan nyid lngar bstan pa de yang tshad ma gsum gyis bsdus pa yin te / / ","0.029#TD4027E.TXT.r#557160#557160#TD4027E.TXT.r_845;TD4027E.TXT.r_846# sdug bsngal gyi rgyu ni sgrub pa gang yin pa'o // / +de gnyis zhi ba'i phyir 'gog pa'i bden pa'o // / ","0.029#TD4016.1E.TXT.r#494734#494734#TD4016.1E.TXT.r_5985;TD4016.1E.TXT.r_5986# dngos po gang zag pa dang bcas pa dang  nye bar len pa dang bcas pa'i chos la bdag dang bdag gir 'dzin pa'o // / +drug pa ni sdug par rnam par rtog pa'o // / ","0.029#TD4038.2E.TXT.r#3125681#3125681#TD4038.2E.TXT.r_4738# des kyang de byed la mi  byed na yang log pa'i chos yongs su bsngo bas yongs su nyams par 'gyur ba'i phyir ro // / "
"560807","TD4027E.TXT.r_1555;TD4027E.TXT.r_1556;TD4027E.TXT.r_1557"," bdun pa  ni bsgoms pa las byung ba'i ste / / +so so rang gis 'dzin pa'i phyir ro // / +brgyad pa ni sa dang po la mthong ba'i lam gyi'o // / "
"560817","TD4027E.TXT.r_1558;TD4027E.TXT.r_1559;TD4027E.TXT.r_1560"," dgu ba ni bsgom pa'i lam gyi ste / / +sa bdun pa'i bar du'o // / +bcu pa ni de nyid la 'jig rten pa dang 'jig rten las 'das pa'i lam gyi ste / / "
"560828","TD4027E.TXT.r_1561;TD4027E.TXT.r_1562"," chos rnam par khong du chud  pa'i phyir ro // / +bcu gcig pa ni sa brgyad pa la'o // / ","0.025#TD4016.2E.TXT.r#2333613#2333614#TD4016.2E.TXT.r_2686# 'dus pa bdun pa dang brgyad pa dang dgu pa dang bcu gcig pa dang bcu gnyis pa dang  bcu gsum pa dang bcu bzhi pa ni mnyan du yod pa rgyal byed kyi tshal mgon med zas sbyin gyi kun dga' ra ba na bzhugs te gsungs so // / "
"560837","TD4027E.TXT.r_1563;TD4027E.TXT.r_1564"," bcu gnyis pa ni sa dgu pa la sogs pa gsum la'o // / +dang po'i gnyis po de dag ni de dang de'i dus na de dang de'i dmigs pa'i ming 'thob po // / ","0.015#TD4032E.TXT.r#1962012#1962013#TD4032E.TXT.r_6617;TD4032E.TXT.r_6618# de la dmigs pa de nyid kyang ye shes de dang de dag tu na de    dang de'i ming 'thob ste / / +thos pa las byung ba'i shes pa'i dus ni 'dzin pa'i dmigs pa ste / / ","0.019#TD4032E.TXT.r#1961931#1961932#TD4032E.TXT.r_6605;TD4032E.TXT.r_6606# rnal du 'dug pa'i dmigs pa'o // / +bcu GNYIS PA NI SA DGU PA LA SOGS PA GSUM LA'O ZHES bya ba  ni ; / ","0.027#TD4038.1E.TXT.r#2732617#2732617#TD4038.1E.TXT.r_4635;TD4038.1E.TXT.r_4636# mi yongs su brtag pa ni dus    gnyis su blta bar bya ste / / +bsnyen pa'i dus dang bsko ba'i dus su'o // / "
"560852","TD4027E.TXT.r_1565;TD4027E.TXT.r_1566;TD4027E.TXT.r_1567"," dmigs pa bshad zin to // / +yang dag par 'grub pa gang zhe na / / +ma tshang med dang mi spong dang / / "
"560860","TD4027E.TXT.r_1568;TD4027E.TXT.r_1569;TD4027E.TXT.r_1570"," mi    gyeng ba dang rab rdzogs pa dang / / +yang dag skyed dang 'phel ba dang / / +las su rung dang mi gnas dang / / ","0.0#TD4021E.TXT.r#2102009#2102016#TD4021E.TXT.r_480;TD4021E.TXT.r_481;TD4021E.TXT.r_482;TD4021E.TXT.r_483;TD4021E.TXT.r_484;TD4021E.TXT.r_485# ma tshang med dang mi spong dang / / +mi GYENG BA DANG RAB RDZOGS DANG / / "
"560868","TD4027E.TXT.r_1571;TD4027E.TXT.r_1572;TD4027E.TXT.r_1573;TD4027E.TXT.r_1574"," sgrib pa med pa nyid dang de // / +rgyun mi gcod pa yang dag 'grub // / +yang dag par 'grub pa ni rnam pa bcu po 'di dag ste / / +de la rkyen mtshang ba med pa ni rigs yang dag par 'grub pa'o // / "
"560881","TD4027E.TXT.r_1575;TD4027E.TXT.r_1576"," theg pa chen po mi spang ba ni mos pa yang dag par 'grub pa'o // / +theg pa dman par mi gyeng ba ni sems bskyed pa yang dag par 'grub pa'o // / "
"560889","TD4027E.TXT.r_1577;TD4027E.TXT.r_1578"," pha rol tu phyin pa yongs su rdzogs pa ni bsgrub pa yang dag par 'grub pa'o // / +'phags pa'i lam bskyed pa ni skyon med par 'jug pa  yang dag par 'grub pa'o // / "
"560898","TD4027E.TXT.r_1579"," dge ba'i rtsa ba 'phel ba ni yun ring po nas 'dris par bya ba'i phyir sems can yongs su smin par byed pa yang dag par 'grub pa'o // / ","0.0#TD4032E.TXT.r#1962248#1962253#TD4032E.TXT.r_6660;TD4032E.TXT.r_6661;TD4032E.TXT.r_6662# bde  'gro dang mya ngan las 'das pa nyid du nges par 'gyur ro // / +dge BA'I RTSA BA 'PHEL BA NI YUN RING PO NAS 'DRIS PAR BYA BA'I PHYIR / / ","0.024#TD4025E.TXT.r#2174231#2174231#TD4025E.TXT.r_1240# SEMS CAN YONGS SU SMIN PAR BYA ba'i    phyir bsams bzhin du khams gsum par mtshams sbyor bar byed pa byang chub sems dpa' rnams kyi tshig bla dags so // / ","0.025#TD4026E.TXT.r#299013#299013#TD4026E.TXT.r_4252;TD4026E.TXT.r_4253# 'dod pa thams cad yongs su rdzogs par byed pa nyid ni tshul khrims la sogs pas gzhan dag la lus dang  ngag thams cad yang dag par sdom pa dang  gnod par byed pa la bzod pa dang   grogs dang  yid la 'thad pa dang  the tshom gcod pas 'dod pa yongs su rdzogs par byed pa'i phyir ro // / +sems CAN YONGS SU SMIN PAR BYED PA NYID ni / / ","0.025#TD4039E.TXT.r#1858828#1858829#TD4039E.TXT.r_5083# snga ma bzhin du 'du byed thams cad byed pa med pa'i phyir dang  de ma yin pa'i byed pa po'i sems can mi dmigs pa'i phyir ro // / "
"560909","TD4027E.TXT.r_1580;TD4027E.TXT.r_1581"," sems las su rung ba ni zhing yongs su dag pa yang dag par 'grub pa'o // / +'khor ba dang mya ngan las 'das pa la mi  gnas pa ni phyir mi ldog pa'i sa la lung bstan pa 'thob pa yang dag par 'grub pa ste / / "
"560921","TD4027E.TXT.r_1582;TD4027E.TXT.r_1583"," 'khor ba dang mya ngan las 'das pa gnyis las mi ldog pa'i phyir ro // / +sgrib pa med pa ni sangs rgyas kyi sa yang dag par 'grub pa'o // / "
"560930","TD4027E.TXT.r_1584;TD4027E.TXT.r_1585"," de rgyun mi gcod pa ni byang chub kun du ston pa yang dag par 'grub pa'o // / +de  ltar na 'di ni / / ","0.0#TD4032E.TXT.r#1962465#1962473#TD4032E.TXT.r_6701;TD4032E.TXT.r_6702;TD4032E.TXT.r_6703# de bas na sgrib pa med pa ni sangs rgyas KYIS YANG DAG PAR 'GRUB PA'O // / +de RGYUN MI GCOD PA NI BYANG CHUB KUN DU STON PA YANG DAG PAR 'GRUB PA'O ZHES bya ba ni / / "
"560938","TD4027E.TXT.r_1586;TD4027E.TXT.r_1587"," dbus rnam 'byed pa'i bstan bcos te // / +dbu ma'i lam rab tu ston pa'i phyir ro // / "
"560946","TD4027E.TXT.r_1588;TD4027E.TXT.r_1589"," 'di ni dbus dang mtha' rnam par 'byed pa yang yin te / / +dbus dang mthar gnyis rab tu ston pa'i phyir ro // / "
"560956","TD4027E.TXT.r_1590"," yang na thog ma dang mtha' ma spangs pa'i dbus rab tu ston pa'i phyir ro // / ","0.029#TD4032E.TXT.r#1962611#1962611#TD4032E.TXT.r_6729# YANG NA THOG MA DANG THA MA SPANGS PA'I DBUS RAB TU STON PA'I PHYIR RO ZHES bya ba ni / / "
"560964","TD4027E.TXT.r_1591;TD4027E.TXT.r_1592"," rtog par dka' dang snying  po'i don // / +rtog ke'i spyod yul ma yin pa dang  phas kyi rgol ba dag gis mi shigs pa'i phyir te go rims bzhin no // / "
"560978","TD4027E.TXT.r_1593;TD4027E.TXT.r_1594"," don chen ni bdag dang gzhan gyi don gyi ched kyi phyir ro // / +de bzhin kun gyi don ni theg pa gsum char gyi dbang du byas pa'i phyir ro // / ","0.0#TD4032E.TXT.r#1962692#1962696#TD4032E.TXT.r_6742;TD4032E.TXT.r_6743# byang chub sems dpa'i spyod pa de yang bdag dang  gzhan gyi don sgrub par BYED PA'I PHYIR RO // / +de bzhin du KUN GYI DON NI THEG PA GSUM CHAR GYI DBANG DU BYAS PA'I PHYIR RO ZHES bya ba ni / / ","0.021#TD4032E.TXT.r#1962674#1962676#TD4032E.TXT.r_6739;TD4032E.TXT.r_6740# snying po'i don ni yang dag pa ji lta ba bzhin du rab TU BSTAN PA'I PHYIR RO // / +don CHEN NI BDAG DANG GZHAN GYI DON GYI CHED KYI PHYIR RO ZHES bya ba ni / / "
"560993","TD4027E.TXT.r_1595"," don med thams cad sel ba'o zhes bya ba ni nyon  mongs pa dang shes bya'i sgrib pa spong bar byed pa'o // / "
"561002","TD4027E.TXT.r_1596;TD4027E.TXT.r_1597"," bla na med pa nyid kyi don bsdus pa ni mdor bsdu na bla na med pa nyid rnam gsum ste / / +sgrub pa dang  bsgrub pa'i gzhi dang  bsgrub pa'i 'bras bu'o // / "
"561014","TD4027E.TXT.r_1598;TD4027E.TXT.r_1599;TD4027E.TXT.r_1600;TD4027E.TXT.r_1601"," bsgrub pa de yang ji lta bu zhe na / / +dam pa'o // / +gang gis she na / / +theg pa chen por ji lta bur //// / ","0.020#TD4032E.TXT.r#1962759#1962760#TD4032E.TXT.r_6758;TD4032E.TXT.r_6760;TD4032E.TXT.r_6761;TD4032E.TXT.r_6759;TD4032E.TXT.r_6762# dam pa bcu gnyis bdag nyid de / / +gang GIS SHE NA / / +theg pa chen por  ji lta bur // / "
"561024","TD4027E.TXT.r_1602;TD4027E.TXT.r_1603;TD4027E.TXT.r_1604;TD4027E.TXT.r_1605"," chos rnams rab tu bzhag pa dag / / +ces bya ba la sogs pas so // / +ji lta bur zhe na / / +rnam pa gang gis zhi gnas bsgom pa la gyeng ba med par gyur pa dang  lhag mthong bsgom pa la phyin ci ma log par gyur ba'o // / ","0.0#TD4032E.TXT.r#1962786#1962791#TD4032E.TXT.r_6769;TD4032E.TXT.r_6770;TD4032E.TXT.r_6771;TD4032E.TXT.r_6772# yang dag ldan par shes par  bya // / +zhes bya ba'o // / +ji LTA BUR ZHE NA / / ","0.028#TD4049E.TXT.r#2289758#2289758#TD4049E.TXT.r_410;TD4049E.TXT.r_411# dge ba la zhugs pa bying ba dang  rgod pa dang  ro myang bar byed pa'o // / +mtshan ma'i gyeng ba gang zhe na / / "
"561040","TD4027E.TXT.r_1606;TD4027E.TXT.r_1607"," gang gi don du zhe na / / +dbu ma'i lam gyis nges par 'byung  bar bya ba'i don du'o // / "
"561050","TD4027E.TXT.r_1608;TD4027E.TXT.r_1609;TD4027E.TXT.r_1610;TD4027E.TXT.r_1611"," gang du zhe na / / +sa bcu dag tu ste / / +khyad par can dang  khyad par med pa'o zhes bya ba'o / / +phyin ci ma log pa rnams kyi don bslus pa ni / / "
"561059","TD4027E.TXT.r_1612"," yi ge la phyin ci ma log pas zhi gnas kyi mtshan ma rab tu rtogs pa dang  don la phyin ci ma log pas lhag mthong gi mtshan ma  rab tu rtogs pa dang  yid la byed pa phyin ci ma log pas phyin ci log gi gzhi yongs su spong ba dang  mi 'phro ba la phyin ci ma log pas de'i mtshan ma legs par rtogs par byed pa dang  rang gi mtshan nyid phyin ci ma log pas de'i gnyen po rnam par mi rtog pa'i lam bsgoms pa  dang ; / ","0.029#TD4032E.TXT.r#1962886#1962887#TD4032E.TXT.r_6787# PHYIN CI MA LOG PA rnams kyi don bsdus pa ni YI GE LA PHYIN CI MA LOG PAS ZHI GNAS KYI MTSHAN MA DANG LHAG MTHONG GI MTSHAN MA dmigs pa zhes bya ba 'brel ba'i rang bzhin dang bral ba mngon sum du byed pa dang  DON LA PHYIN CI MA LOG  PAS PHYIN CI LOG GI mtshan ma gnyis ka yang snang ba tsam DU RAB TU RTOGS PA DANG  yid la byed PA LA PHYIN CI MA LOG PAS PHYIN CI LOG GI GZHI KUN gzhi rnam par shes pa la gnyis su mngon par zhen pa'i sa bon bsags PA YONGS SU SPONG BA DANG  MI 'PHRO BA LA PHYIN CI MA LOG PAS PHYIN CI LOG  gi mtshan ma la sgyu ma la sogs pa lta bur yod pa dang med par mngon par zhen pa med PAS LEGS PAR RTOGS PAR BYED PA DANG  rang gi mtshan NYID LA PHYIN CI MA LOG PAS DE'I GNYEN PO RNAM PAR MI RTOG PA brjod pa dang bral ba chos KYI RANG GI MTSHAN NYID KYI yul LA LAM BSGOM PA DANG  spyi'i  mtshan NYID LA PHYIN CI MA LOG PAS CHOS thams cad spyir rnam par byang ba'i rang bzhin du rtogs pa dang  ma dag pa dang dag PA'I YID LA BYED PA LA PHYIN CI MA LOG PAS DE'I sgrib pa ma spangs pa dang  spangs par rab tu shes te / / "
"561085","TD4027E.TXT.r_1613"," spyi'i mtshan nyid la phyin ci ma log pas rnam par byang ba'i rang bzhin du rab tu rtogs pa dang  ma dag pa dang dag pa yid la byed pa la phyin ci ma log pas de'i sgrib pa ma spangs pa dang  spangs pa rab tu shes pa dang  de'i glo bur du byung ba la phyin ci ma log pas kun nas nyon  mongs pa dang rnam par byang ba yang dag pa ji lta ba bzhin du rab tu shes pa dang  mi skrag pa dang  khengs pa med pa la byin ci ma log pas sgrib pa med par nges par 'byung ba'o // / "
"561118","TD4027E.TXT.r_1614"," bshad pa'i 'di byas pa yi bsod nams gang yod des // / ","0.019#TD4094.1E.TXT.r#1794094#1794095#TD4094.1E.TXT.r_11888;TD4094.1E.TXT.r_11889# 'di na kha cig srog gcod pa spong zhing srog gcod pa las log pa dang  ma byin par len pa dang  'dod pas log par gyem pa dang  brdzun du smra ba dang  'bru'i  chang dang bcos pa'i chang myos par 'gyur ba bag med pa'i gnas spong zhing 'bru'i chang dang bcos pa'i chang myos par 'gyur ba bag med pa'i gnas las log par gyur pa'o // / +'di ni tshul khrims las byung ba'i bsod nams bya ba'i dngos po zhes bya'o // / ","0.020#TD4092.2E.TXT.r#2536489#2536489#TD4092.2E.TXT.r_340;TD4092.2E.TXT.r_341# skul byed gzhan yang dad pa'i rigs kyi bu 'am rigs kyi bu mo nad pa dang nad gyog la sbyin pa sbyin par byed de / / +'di ni rdzas las byung ba'i bsod nams bya ba'i dngos po drug pa yin zhes bya ba snga ma bzhin no // / ","0.026#TD4094.1E.TXT.r#1774850#1774850#TD4094.1E.TXT.r_9520# skul byed de bzhin du gang rdzas las byung ba'i bsod nams bya ba'i dngos po 'di rnams dang ldan pa'i dad pa'i rigs kyi bu 'am rigs kyi bu mo'i     // / ","0.027#TD4094.1E.TXT.r#1774768#1774769#TD4094.1E.TXT.r_9514# skul byed bsod nams bya ba'i  dngos po bdun po 'di rnams dang ldan pa'i dad pa'i rigs kyi bu'am rigs kyi bu mo'i bsod nams dang bsod nams kyi 'bras bu rnam par smin pa ni 'di tsam zhes bsod nams kyi tshad gzung bar mi nus te / / ","0.027#TD4049E.TXT.r#2292790#2292790#TD4049E.TXT.r_1003;TD4049E.TXT.r_1004# gang sbyin pa las byung ba'i bsod nams bya ba'i dngos po'am / / +tshul khrims las byung ba'i bsod nams bya ba'i dngos pos mtho ris su skye ba yongs su 'dzin pa'am / / ","0.028#TD4094.1E.TXT.r#1775269#1775272#TD4094.1E.TXT.r_9555# skul byed rdzas las byung ba ma yin pa'i bsod nams bya ba'i dngos  po 'di dag dang ldan pa'i rigs kyi bu'am rigs kyi bu mo'i bsod nams dang  bsod nams kyi 'bras bu dang  bsod nams kyi 'bras bu rnam par smin pa'i tshad ni gzung bar mi nus kyi / / "
"561126","TD4027E.TXT.r_1615;TD4027E.TXT.r_1616"," 'gro ba bsod nams 'byung ba che dang ye shes  kyang ; / / +'byung bar gyur cig de las mngon mtho chen po dang / / "
"561139","TD4027E.TXT.r_1617;TD4027E.TXT.r_1618"," byang chub gsum yang 'gro bas myur du thob gyur cig / / +bstan bcos dbus dang mtha' rnam par 'byed pa las theg pa bla na med pa zhes bya ba'i tshig le'ur bcad pa lnga ba'i 'grel ba'o //// / ","0.026#TD4069E.TXT.r#627460#627460#TD4069E.TXT.r_694# rnam par bshad pa'i rigs pa'i bshad pa las le'ur bcad pa dang po'o //// / "
"561160","TD4027E.TXT.r_1619"," bstan  bcos dbus dang mtha' rnam par 'byed pa'i 'grel pa slob dpon dbyig gnyen gyis mdzad pa rdzogs so //// / ","0.0#TD4015E.TXT.r#1972552#1972556#TD4015E.TXT.r_929;TD4015E.TXT.r_930# 'phags pa bzang po spyod PA'I 'GREL PA SLOB DPON DBYIG GNYEN GYIS MDZAD PA RDZOGS SO //// / ","0.0#TD4028E.TXT.r#1966430#1966432#TD4028E.TXT.r_529# chos dang chos nyid RNAM PAR 'BYED PA'I 'GREL PA SLOB DPON DBYIG GNYEN  GYIS MDZAD PA RDZOGS SO //// / ","0.0#TD4050E.TXT.r#1121398#1121401#TD4050E.TXT.r_3519;TD4050E.TXT.r_3520# bstan bcos phun du byung ba du byung ma mdzad PA'I SLOB DPON DBYIG GNYEN GYIS MDZAD PA RDZOGS SO //// / ","0.0#TD4056E.TXT.r#2960957#2960959#TD4056E.TXT.r_95;TD4056E.TXT.r_96# nyi shu pa'i tshig  le'ur byas PA SLOB DPON DBYIG GNYEN GYIS MDZAD PA RDZOGS SO //// / ","0.0#TD4059E.TXT.r#414734#414737#TD4059E.TXT.r_393;TD4059E.TXT.r_394# phung po lnga'i rab tu byed PA SLOB DPON DBYIG GNYEN GYIS MDZAD PA RDZOGS SO //// / ","0.0#TD4061E.TXT.r#1549622#1549626#TD4061E.TXT.r_5057;TD4061E.TXT.r_5058# rnam par bshad pa'i rigs PA SLOB DPON DBYIG GNYEN GYIS MDZAD PA RDZOGS SO //// / ","0.0#TD4062E.TXT.r#2964741#2964744#TD4062E.TXT.r_574;TD4062E.TXT.r_575# las grub pa'i rab tu byed PA SLOB DPON DBYIG GNYEN GYIS  MDZAD PA RDZOGS SO //// / ","5.960#TD4055E.TXT.r#2794394#2794397#TD4055E.TXT.r_128;TD4055E.TXT.r_129# sum cu pa'i tshig le'ur byas pa slob dpon chen PO DBYIG GNYEN GYIS MDZAD PA RDZOGS SO //// / ","5.960#TD4089E.TXT.r#570954#570955#TD4089E.TXT.r_2435;TD4089E.TXT.r_2436# chos  mngon pa'i mdzod kyi tshig le'ur byas pa slob dpon sh'akya'i dge SLONG DBYIG GNYEN GYIS MDZAD PA RDZOGS SO //// / ","0.021#TD4090.2E.TXT.r#1084477#1084478#TD4090.2E.TXT.r_5308# chos mngon ba'i mdzod kyi bshad ba slob dpon sh'akya'i dge SLONG DBYIG GNYEN GYIS MDZAD PA 'di rdzogs so //// / ","0.024#TD4013E.TXT.r#622010#622010#TD4013E.TXT.r_1542;TD4013E.TXT.r_1543# slob  dpon sh'akya'i bshes GNYEN GYIS MDZAD PA RDZOGS SO //// / +rgya gar gyi mkhan po sh'akya seng ha dang  zhu chen gyi lo ts'a ba ban de dpal brtsegs kyis zhus te gtan la phab pa'o //// / ","0.024#TD4092.2E.TXT.r#2651384#2651384#TD4092.2E.TXT.r_14325;TD4092.2E.TXT.r_14326# chos mngon pa'i mdzod kyi 'grel bshad don gsal ba zhes bya ba slob dpon rgyal po'i sras grags pa'i  bshes GNYEN GYIS MDZAD PA RDZOGS SO //// / +rgya gar gyi mkhan po bi shuddha sim ha dang  zhu chen gyi lo ts'a ba bande dpal brtsegs kyis bsgyur cing zhus te gtan la phab pa // / ","0.024#TD4016.1E.TXT.r#540239#540240#TD4016.1E.TXT.r_11832# theg  pa chen po bsdus PA'I 'GREL PA SLOB DPON dbyigs  DBYIG GNYEN GYIS MDZAD PA las ming ni gzhan gyi dbang gi ngo bo nyid du rtogs so // / ","0.024#TD4016.3E.TXT.r#221312#221312#TD4016.3E.TXT.r_914# de la bslab pa gsum zhes bya ba ni theg pa chen po bsdus PA'I 'GREL PA SLOB DPON DBYIG GNYEN GYIS MDZAD PA las / / ","0.024#TD4016.3E.TXT.r#252948#252948#TD4016.3E.TXT.r_4854# theg pa chen po bsdus PA'I 'GREL PA SLOB DPON DBYIG GNYEN GYIS MDZAD PA las / / ","0.024#TD4032E.TXT.r#1952582#1952582#TD4032E.TXT.r_5079;TD4032E.TXT.r_5080# bla na med pa'i 'bras bu ni rdzogs pa'i 'bras bu'i bshad pa'o zhe'o // / +bstan  BCOS DBUS DANG MTHA' RNAM PAR 'BYED PA las gnyen po bsgom pa'i le'ur bcad pa ste bzhi pa'i 'grel bshad do //// / "